chr	start	end	actual_start	actual_end	signal	kappa	tau	W	P_KS	P_KS_k1	P_KS_k2	P_KS_k3	P_KS_k4	P_KS_k5	MAF
1	769223	769223	769223	769223	0	1	0.310872261676927	0	0.500292550826083	0.29093703063872	0.595211431665008	0.63969983769425	0.530118026652905	0.953602984621663	0.12784632360317
1	801536	801536	801536	801536	0	1	0.462613866640208	0	0.330519284240775	0.201011172559469	0.794478464098199	0.228729043188823	0.838040086769879	0.583222222577563	0.0159
1	833927	833927	833927	833927	0	0	0.129590448170344	0.129590448170344	0.251478505405058	0.254337013787072	0.982884171938512	0.338915412112477	0.259762934267989	0.360395372796316	0.211963067041349
1	834263	834263	834263	834263	0	4	1.28858722553402	0	0.710218698499477	0.860590564318901	0.997205615144464	0.249771959040863	0.0365430571071634	0.590097477167157	0.0217762167586553
1	837657	837657	837657	837657	0	4	1.31339271173381	0	0.804936689831776	0.935113089855732	0.650799257316706	0.90211308927702	0.0391173126931342	0.666284070817228	0.0158253205128205
1	840753	840753	840753	840753	0	4	1.32317412752395	0	0.937543734682944	0.701229878090117	0.0649050887809713	0.231204412446648	0.0288099243811047	0.606340036973723	0.404
1	844300	844300	844300	844300	0	3	0.816675635844403	0	0.609067030091854	0.478462299785046	0.0527817879977976	0.0506410686099175	0.0664868470625692	0.332030895928278	0.179981911365692
1	850371	850371	850371	850371	0	1	0.674594746044329	0	0.886768682203722	0.1522880077153	0.980385441999705	0.719880568850861	0.338149771355685	0.156686226948615	0.397467974379504
1	851390	851390	851390	851390	0	0	1.39083149964293	1.39083149964293	0.0390517441935633	0.640906837697134	0.995148245662287	0.973822271841778	0.960443751570708	0.25491076961058	0.0419
1	862772	862772	862772	862772	0	3	1.67497434128298	0	0.336093256772053	0.415568223334715	0.493499470144627	0.00878350777964824	0.376763952402905	0.938132575973337	0.03035
1	864490	864490	864490	864490	0	5	1.40901186873378	0	0.32348658347871	0.883807435718602	0.624557974004163	0.421564443675188	0.98574706881783	0.0243534721582651	0.0409
1	867663	867663	867663	867663	0	5	0.665570469091355	0	0.114930238547869	0.254923488722071	0.594490923482051	0.746775756454328	0.301737085958501	0.0651715759010663	0.0192982456140351
1	872352	872352	872352	872352	0	5	1.22781204743174	0	0.385132747163095	0.388297630243468	0.0429053725972088	0.67357947386618	0.0896789524768938	0.022792837805431	0.268009645333066
1	876499	876499	876499	876499	0	3	0.521205167668761	0	0.432279774667152	0.597337128735481	0.578279203793705	0.130184640681955	0.186692250466015	0.239462683676841	0.0521521521521522
1	878331	878331	878331	878331	0	1	1.02813017940298	0	0.786816125282177	0.0737467817014017	0.92088380708538	0.197326721238263	0.927087561085749	0.396694286817366	0.0130840184479647
1	879482	879482	879482	879482	0	0	1.03698730351557	1.03698730351557	0.0338443786644891	0.368530850119826	0.440807616700225	0.946343225544948	0.11966941409312	0.176664400526083	0.011623246492986
1	881918	881918	881918	881918	0	3	0.684322643342965	0	0.949775193859631	0.174605004954817	0.489780599192872	0.101316209850708	0.624373988530281	0.483282698804785	0.0705
1	891620	891620	891620	891620	0	0	0.359841533844539	0.359841533844539	0.221219929197384	0.442848353782082	0.409752831517005	0.506600696839827	0.635973346986755	0.618051611139434	0.0187449474535166
1	894519	894519	894519	894519	0	1	0.908117460037987	0	0.97506413177408	0.109635020423139	0.503301039071119	0.359688850875739	0.972518554267579	0.887292400497273	0.02205
1	907609	907609	907609	907609	0	0	1.08408266149968	1.08408266149968	0.0411091745322669	0.914232244283803	0.498909091186373	0.449971404120605	0.268623199673409	0.989199297480362	0.015645371577575
1	910512	910512	910512	910512	0	2	1.75691226438184	0	0.294608070410933	0.915504267058939	0.0122733527466277	0.975732119041089	0.449412919311318	0.701254208710774	0.0120943358193913
1	913610	913610	913610	913610	0	4	1.13123014658876	0	0.330191160675343	0.0730399100491174	0.0545673987941526	0.487621236586439	0.0227785608262494	0.308145924380068	0.160231271995978
1	914333	914333	914333	914333	0	1	0.801352890321062	0	0.173983924340399	0.0793850758018672	0.594010357061869	0.544500772387505	0.3679552219708	0.502448731505718	0.395382758273815
1	914876	914876	914876	914876	0	4	1.71041550810614	0	0.195319731585535	0.232164368985173	0.108633543288329	0.0848392401368814	0.00380478929200611	0.56998982916744	0.0268957227286387
1	916549	916549	916549	916549	0	0	1.40813379929182	1.40813379929182	0.0232058709565107	0.880272199842845	0.593925090012003	0.993162584651195	0.189546454845517	0.318593133980011	0.245755901557007
1	920503	920503	920503	920503	0	5	0.867235197271964	0	0.0830239933502431	0.628259193553554	0.791279027668348	0.197267188597287	0.0353182675565161	0.0267805602296905	0.147710115752391
1	921071	921071	921071	921071	0	0	0.826969253076205	0.826969253076205	0.130251376743704	0.870428817158333	0.649943126472939	0.96901702080219	0.874483411439681	0.993831884236712	0.08585
1	939950	939950	939950	939950	0	5	0.7355473060761	0	0.73217782969197	0.894208732524326	0.447731212756521	0.762728546716813	0.991190930577995	0.140224110893926	0.0149540264726685
1	940203	940203	940203	940203	0	0	0.317482826496232	0.317482826496232	0.343871998243383	0.935459822411279	0.893150379091529	0.704542617813106	0.714298336689329	0.507795247169322	0.0626
1	945349	945349	945349	945349	0	1	0.725836849403528	0	0.522441518290756	0.0982202043827751	0.562576937711984	0.29532880525328	0.540941247214165	0.519732910893232	0.0355517346009912
1	949608	949608	949608	949608	0	4	0.416695532036414	0	0.565997145875514	0.628208650711667	0.985205758717415	0.300484397056631	0.240662475982614	0.793223251633083	0.39
1	956998	956998	956998	956998	0	3	0.661971847393173	0	0.724755366494697	0.586704627447291	0.539994520813265	0.117602757706583	0.301127111288303	0.537213295554785	0.0180479935470861
1	957640	957640	957640	957640	0	4	0.851097021112922	0	0.148133930228674	0.943235302702375	0.812706414692801	0.995850486726286	0.119088229740039	0.845212401323477	0.0102224894768491
1	958204	958204	958204	958204	0	4	0.0961040910534149	0	0.708611117102251	0.9413631716998	0.708375254049625	0.584389284862159	0.567941848284501	0.91788121729319	0.0137716123843989
1	959509	959509	959509	959509	0	2	0.270098421867988	0	0.517421988941323	0.502909713807103	0.270017307485137	0.536121004760025	0.421027605030268	0.359518581966288	0.10275
1	962720	962720	962720	962720	0	1	0.825731325121329	0	0.975524931542352	0.0797102899054208	0.503267775468503	0.464357219191274	0.533636729419631	0.745780120862566	0.1354
1	963721	963721	963721	963721	0	1	0.131162717343151	0	0.978824095765747	0.359515419598682	0.961202018966702	0.45958310467403	0.48627309295473	0.431018184230245	0.0739865204707775
1	986732	986732	986732	986732	0	4	0.895604087101355	0	0.038649022582611	0.0293843526796711	0.0547163730043178	0.013417995247734	0.0037369048579273	0.00488844206445385	0.0113
1	987253	987253	987253	987253	0	1	0.589751696809615	0	0.752246005504843	0.184083411202555	0.715758229960032	0.41517652236974	0.260465869910882	0.815744054254973	0.02765
1	998170	998170	998170	998170	0	4	0.801325607173144	0	0.486829525911901	0.958472789356242	0.741098959722843	0.501680825687029	0.0792687291152671	0.358207979029388	0.0205223880597015
1	998395	998395	998395	998395	0	1	0.632040473358117	0	0.595260335931422	0.138888558910156	0.908570131129131	0.471503152920048	0.16367824583744	0.6822365678227	0.264422110552764
1	1001290	1001290	1001290	1001290	0	3	0.690960031090115	0	0.25112666359517	0.848540742595129	0.739863933735843	0.150727267545545	0.777294738199536	0.561359330005974	0.0877430346762878
1	1002387	1002387	1002387	1002387	0	4	0.608802905761172	0	0.201972669541318	0.617302156162226	0.946373936183191	0.665734840913768	0.163869595005877	0.987317143369268	0.231217942270944
1	1009234	1009234	1009234	1009234	0	5	0.258939071737925	0	0.818469485199981	0.61759478898769	0.706775410181724	0.814109412891182	0.708787324923233	0.390460288493122	0.42269389397445
1	1018021	1018021	1018021	1018021	0	1	0.830876004840991	0	0.212243527159317	0.0825878638466757	0.571350696632585	0.55948988324479	0.578600466270248	0.518046319246522	0.0183513838748496
1	1022223	1022223	1022223	1022223	0	2	0.917993844636879	0	0.86192543873969	0.497128472719009	0.0600447157401304	0.438487766737672	0.531676262159412	0.489203044340778	0.02085
1	1026913	1026913	1026913	1026913	0	5	1.83556306925109	0	0.991703169947472	0.0617434453076313	0.33801482565811	0.789842357104925	0.376689845055291	0.00550073652100064	0.02715
1	1032184	1032184	1032184	1032184	0	1	0.69764537633185	0	0.314586119098751	0.120603080905004	0.969928114342111	0.394051440816628	0.60117896816858	0.693220329682656	0.271278195488722
1	1033999	1033999	1033999	1033999	0	2	0.519215491676269	0	0.26143766759033	0.437106081512714	0.114411400324065	0.378168013999982	0.376851996824343	0.466554953935137	0.430530348860658
1	1034243	1034243	1034243	1034243	0	5	0.341195239324329	0	0.556854221242688	0.688451203194106	0.711137191541805	0.583561064121984	0.801569599768464	0.31381805324712	0.138565112540193
1	1036601	1036601	1036601	1036601	0	5	0.325208344700016	0	0.406989624595475	0.148828475756614	0.0992973733629912	0.926621229002589	0.148588109764582	0.0703846068670068	0.0224814740636892
1	1042070	1042070	1042070	1042070	0	5	0.463170146656833	0	0.149232015314519	0.280257723045817	0.169300652299405	0.230295865595841	0.136558490445672	0.0582758322847292	0.0261464199517297
1	1054091	1054091	1054091	1054091	0	1	0.885210844869251	0	0.967275913274636	0.0473587554552777	0.202632273084531	0.363589326709969	0.389090216386504	0.22862791783221	0.01645
1	1063492	1063492	1063492	1063492	0	5	0.371632203997139	0	0.510917774614096	0.876457793647379	0.440601029982382	0.484778658873739	0.222219307655591	0.20602090419396	0.0235
1	1065296	1065296	1065296	1065296	0	0	1.22430367354871	1.22430367354871	0.0137831028852794	0.0742318417461697	0.967635317753505	0.0959070060793315	0.974766072664278	0.231020580897201	0.31875
1	1067878	1067878	1067878	1067878	0	4	0.852054703187522	0	0.309048874181576	0.561662922007326	0.308121017215321	0.416388803010669	0.0434482674039364	0.11776571380684	0.0195124398073836
1	1069535	1069535	1069535	1069535	0	5	1.82303205375785	0	0.523771793700395	0.0504123811288566	0.144896025159116	0.332423207203241	0.212442237037074	0.00319307274036832	0.092
1	1069653	1069653	1069653	1069653	0	4	0.604044866286058	0	0.655778977464963	0.769729869533827	0.977315645512405	0.45989112010777	0.179882902711241	0.722827643722315	0.22925
1	1094485	1094485	1094485	1094485	0	4	0.363979943682451	0	0.562748160150683	0.633555398905901	0.455850049225734	0.760485961010134	0.274034127735076	0.751093930314436	0.381497090106361
1	1105721	1105721	1105721	1105721	0	5	0.320600006384955	0	0.978408048300525	0.594816638996571	0.678159475183712	0.478359419719949	0.946068483111137	0.324139402828154	0.06365
1	1108951	1108951	1108951	1108951	0	1	0.440200223313596	0	0.650073167567323	0.229463035326922	0.451323822163764	0.706874666873733	0.63228511424261	0.470230320016575	0.0219245434477222
1	1109104	1109104	1109104	1109104	0	0	0.736212190941281	0.736212190941281	0.142688941308524	0.808170755555908	0.777324769291934	0.79677555314815	0.302396158949381	0.771264505641192	0.0731056025796051
1	1109476	1109476	1109476	1109476	0	5	0.514948818214403	0	0.632544775559965	0.185104697239881	0.513128969493747	0.579295605178142	0.828104759070522	0.176991094750366	0.186704101072897
1	1110557	1110557	1110557	1110557	0	5	0.56333998417832	0	0.304557300006077	0.398221316589787	0.584785527227222	0.226150116904109	0.868126986377473	0.108838994191991	0.03265
1	1115187	1115187	1115187	1115187	0	0	0.164072237913637	0.164072237913637	0.299008588770445	0.609966746146665	0.436270553809793	0.340492190519389	0.822125142978046	0.300854210324229	0.012219652016494
1	1120536	1120536	1120536	1120536	0	0	0.769172609158323	0.769172609158323	0.100202193209839	0.588911230765602	0.184447469659817	0.644372423551095	0.581420974094316	0.65336979764255	0.0243
1	1121358	1121358	1121358	1121358	0	1	0.326166270842777	0	0.545310360836852	0.194897198253197	0.367532951076114	0.70337028552379	0.413020746016937	0.390320241458207	0.0989530903966178
1	1140271	1140271	1140271	1140271	0	5	0.384427091557788	0	0.746251236029217	0.896008934396017	0.334169767187766	0.372187519231624	0.402360661328217	0.166030708717874	0.01325
1	1146339	1146339	1146339	1146339	0	5	2.09647860823542	0	0.613454469668432	0.289406701785272	0.0543292492826	0.213194433538878	0.103099489760724	0.00170725051709761	0.04135
1	1151542	1151542	1151542	1151542	0	1	1.39621216228081	0	0.459451443121608	0.0184513207150037	0.143064209918018	0.340214069503028	0.459559224531735	0.855624251442632	0.0697662704009671
1	1165957	1165957	1165957	1165957	0	1	0.463501128944851	0	0.567308019468589	0.204052271763024	0.457267087204283	0.858714457034316	0.593256579139104	0.663890810950642	0.0104355716878403
1	1172907	1172907	1172907	1172907	0	0	0.560099625032383	0.560099625032383	0.180457644024212	0.837746750034516	0.389615901806939	0.66283473231659	0.48072685748187	0.655352421008988	0.0581
1	1181372	1181372	1181372	1181372	0	3	0.767488444051362	0	0.527375622770015	0.456069513891148	0.233240249037381	0.0842438289657958	0.493203945063733	0.567764225778165	0.11795
1	1182905	1182905	1182905	1182905	0	0	0.780813130459065	0.780813130459065	0.0797654990515491	0.983853481030392	0.78478449291499	0.451560961125505	0.0903996226092768	0.481535397149516	0.07725
1	1190206	1190206	1190206	1190206	0	0	0.698339869577508	0.698339869577508	0.0961424152600769	0.114543895501401	0.498626369364419	0.328401002835093	0.480015098207037	0.732238760799995	0.0143874072588731
1	1191651	1191651	1191651	1191651	0	2	0.471432867057846	0	0.580495584939295	0.750598391058684	0.238145598484003	0.705140121521559	0.285653154774099	0.787328757741895	0.0222233370121401
1	1226063	1226063	1226063	1226063	0	0	0.489557004369122	0.489557004369122	0.18048007704287	0.557168136711808	0.734819543164795	0.764335727259058	0.299399831419713	0.4605208782695	0.0159
1	1226512	1226512	1226512	1226512	0	2	1.06169204883368	0	0.774960996941571	0.683853939394068	0.0593295841371381	0.669700992325324	0.607911591895655	0.934960870896363	0.02445
1	1229680	1229680	1229680	1229680	0	2	0.239373309633472	0	0.819740028124098	0.707396780740701	0.472392324682844	0.709150100958153	0.889618980675419	0.826477802155246	0.03365
1	1231656	1231656	1231656	1231656	0	3	0.420413547702321	0	0.299676136496031	0.402944623195701	0.792971306621416	0.159474376748023	0.49665066212109	0.419859961132657	0.04072036018009
1	1269888	1269888	1269888	1269888	0	1	1.02614321867122	0	0.942296392207527	0.0818024591445538	0.673429260101831	0.780890895332329	0.868779527367377	0.982730205749821	0.0418376538884997
1	1305807	1305807	1305807	1305807	0	1	0.2434421690382	0	0.779276394879911	0.523569904148114	0.917100316898143	0.952205155884037	0.90547052553259	0.949350033697989	0.0102256699576869
1	1334475	1334475	1334475	1334475	0	4	0.284305033035607	0	0.289373374658813	0.430982964836869	0.370197645707956	0.497381120060662	0.223952065052001	0.64713760213519	0.03045
1	1369623	1369623	1369623	1369623	0	2	0.805142239669376	0	0.70544808739877	0.779775644011371	0.110489961101876	0.156700864480114	0.8616611091248	0.361483036256626	0.0122489959839358
1	1391448	1391448	1391448	1391448	0	1	1.88601364910493	0	0.0483295228785659	0.0100666228513779	0.774278940418746	0.988317162179861	0.774278940418746	0.975732119041089	0.0104135224871717
1	1433138	1433138	1433138	1433138	0	4	1.05084536610073	0	0.712805940103241	0.236712613218624	0.629107201410315	0.111539592886444	0.0210560078479203	0.0636131441090113	0.0119107447984722
1	1454207	1454207	1454207	1454207	0	2	0.341966415523996	0	0.366137973776158	0.124166061793911	0.100214463814925	0.345130615738342	0.220240316603937	0.177013124449757	0.04795
1	1461041	1461041	1461041	1461041	0	5	0.300487161692284	0	0.414234833902506	0.56751603069645	0.725990421038148	0.328981852523237	0.661539841217715	0.284112912317664	0.0351125012612249
1	1470464	1470464	1470464	1470464	0	2	0.753196496543685	0	0.175313027565499	0.712883349531553	0.125840946080955	0.810168276587462	0.58031807567402	0.75625345707141	0.0222043604943233
1	1481348	1481348	1481348	1481348	0	1	1.2111525152532	0	0.204612571656246	0.041227414199716	0.969551142813181	0.577085721972991	0.670407110349011	0.981467448535413	0.269944528492184
1	1492438	1492438	1492438	1492438	0	2	0.412761088119045	0	0.204942034357743	0.0528351596169879	0.0458999549344744	0.587743967033401	0.100507761607744	0.118733521113781	0.0168
1	1494355	1494355	1494355	1494355	0	4	0.363991670484602	0	0.602338408186404	0.67000129926146	0.54828063509442	0.271099964899532	0.260524689168223	0.832877047111305	0.0144
1	1496641	1496641	1496641	1496641	0	3	0.4085461270773	0	0.704951935668237	0.612081990455545	0.991768318776346	0.275177791172779	0.906572157841031	0.550815754711511	0.0121754880257597
1	1500925	1500925	1500925	1500925	0	4	0.766641125562343	0	0.493279788512687	0.240601008433982	0.342247080383161	0.136379409027828	0.0411771531547725	0.127641714075419	0.0119
1	1520752	1520752	1520752	1520752	0	3	2.920707954677	0	0.771585144148099	0.829109568349377	0.0733369167311137	0.000664909747663383	0.55395011196744	0.451712378130084	0.11226026709509
1	1525437	1525437	1525437	1525437	0	0	0.549318709608724	0.549318709608724	0.0688767179564941	0.162883672360938	0.798307186831097	0.890002498695255	0.244000745914891	0.155786013592814	0.02095
1	1534710	1534710	1534710	1534710	0	3	0.313496314499357	0	0.63393310936711	0.575091927273528	0.853960471644135	0.372427696361945	0.766546112046073	0.826808613971311	0.0266566265060241
1	1537437	1537437	1537437	1537437	0	5	0.671779113812968	0	0.934346501846244	0.740104901382284	0.749005962261512	0.726283945443665	0.474573976414719	0.157584742553045	0.21165
1	1549720	1549720	1549720	1549720	0	2	0.91475474184917	0	0.267095512523179	0.725711811026062	0.0325021319911035	0.843410230350581	0.0339835706004436	0.261310246096742	0.1365
1	1584593	1584593	1584593	1584593	0	3	0.349674559473741	0	0.506681383637662	0.698424016446177	0.807837898474759	0.312208415657629	0.761824352835327	0.336440529451033	0.280776562656767
1	1611995	1611995	1611995	1611995	0	5	1.47898718029804	0	0.723992591932994	0.513038801238109	0.504534911033623	0.563354801415854	0.959969769241465	0.0186979855500494	0.449728534084054
1	1619767	1619767	1619767	1619767	0	5	1.17436098220407	0	0.558722861028062	0.831501344165115	0.0510561894732	0.226346824988081	0.134950989459788	0.0151500276246745	0.2013
1	1670415	1670415	1670415	1670415	0	3	0.198429156115834	0	0.408099206930635	0.881370719294589	0.628143043964054	0.397767594239158	0.988816132856167	0.55787448131798	0.01205
1	1686081	1686081	1686081	1686081	0	0	0.35365048509154	0.35365048509154	0.337726125138143	0.73689730363087	0.840948061288004	0.762456624890269	0.872850831080554	0.380432706905322	0.02485
1	1686943	1686943	1686943	1686943	0	3	0.304372194090822	0	0.674465885022415	0.64479835506792	0.952494681683497	0.334647660742356	0.799103597155096	0.638009486483938	0.48315
1	1687791	1687791	1687791	1687791	0	4	1.08107445493571	0	0.742949285369974	0.541708681009614	0.762007211709277	0.992848118231649	0.0616431345363608	0.565484975450725	0.0496
1	1691840	1691840	1691840	1691840	0	0	0.424783364674926	0.424783364674926	0.299733704540077	0.79711126369696	0.958313235803896	0.720473029126729	0.448457396237586	0.880553782319658	0.10665
1	1695742	1695742	1695742	1695742	0	4	0.348630889805816	0	0.593377181657834	0.514338782095992	0.771767083915112	0.826147229514438	0.345824184941429	0.977637478166391	0.0807769929364278
1	1699201	1699201	1699201	1699201	0	2	0.501213475646494	0	0.584859200265579	0.979345955069346	0.217509992373664	0.689751555908955	0.753018640899646	0.463529257878036	0.277191925278698
1	1706735	1706735	1706735	1706735	0	3	0.363948960246129	0	0.288681273072707	0.61517018033363	0.680285826781673	0.134483302117603	0.310897567813667	0.187957819233754	0.167000801924619
1	1709119	1709119	1709119	1709119	0	5	0.875773002589609	0	0.430406681173537	0.653743831232092	0.756656587753331	0.314148578262061	0.550987868710047	0.0733447502974588	0.0729
1	1719079	1719079	1719079	1719079	0	1	0.819071644891921	0	0.916269475454143	0.0806568222848215	0.302753199545605	0.839098935926528	0.531756433039699	0.317108845123726	0.0264219443323921
1	1721556	1721556	1721556	1721556	0	4	0.231679892727702	0	0.28109087580027	0.882398854329224	0.37421412161023	0.604169828031106	0.274844760168117	0.468562312514163	0.0112
1	1738371	1738371	1738371	1738371	0	4	1.6830988589208	0	0.471381966640164	0.119399996804235	0.555099561417753	0.917186052653632	0.011515214316191	0.61228586313234	0.13210972166196
1	1738973	1738973	1738973	1738973	0	3	0.202239868558573	0	0.449818905876768	0.559101970790575	0.534056504149463	0.335233444980131	0.358338028359247	0.953148383151873	0.0161
1	1749412	1749412	1749412	1749412	0	4	0.329003357936192	0	0.272762626207843	0.646252598183082	0.559629216291603	0.925684512459018	0.262359637081777	0.541982920915123	0.0205
1	1766856	1766856	1766856	1766856	0	4	0.134444793506908	0	0.713484988258819	0.604916420222462	0.62942433664246	0.457894375883033	0.443864671802264	0.599345313027519	0.02365
1	1772488	1772488	1772488	1772488	0	4	0.316500198263908	0	0.520229575141181	0.980168978550075	0.259696268826891	0.365095312158536	0.176159495702057	0.301468734413696	0.0355386005421142
1	1882287	1882287	1882287	1882287	0	4	0.621995819048069	0	0.234784417827546	0.825138163904447	0.838051299573603	0.506027244292941	0.120830919571787	0.379610637989793	0.167133987582616
1	1886370	1886370	1886370	1886370	0	5	0.508841365480008	0	0.514249497510965	0.557009110554259	0.361088972726992	0.258320356445438	0.472489778217365	0.146403362688093	0.0274
1	1888193	1888193	1888193	1888193	0	2	0.63708244242784	0	0.167262170287424	0.860273540645062	0.0855908809562541	0.4489747583474	0.371116222421067	0.102067111201161	0.27875
1	1889356	1889356	1889356	1889356	0	1	1.27183472779275	0	0.917209497355591	0.0437981507449747	0.474972593081948	0.28746818429343	0.819012446577944	0.979808560330524	0.0266452970049083
1	1892048	1892048	1892048	1892048	0	2	0.405645705243627	0	0.342027346196374	0.470558433437596	0.184913175210317	0.705128583503588	0.973457951628984	0.454120858431747	0.41595
1	1895177	1895177	1895177	1895177	0	5	0.64366337556092	0	0.60100581164784	0.363457908391852	0.729518926139852	0.675054427854079	0.392505940319082	0.136525977923963	0.254572864321608
1	1900186	1900186	1900186	1900186	0	2	0.9165962808873	0	0.617490887289646	0.525128837166274	0.0748228543912587	0.180258318669878	0.921312096691017	0.920251952971578	0.1982
1	1900232	1900232	1900232	1900232	0	2	1.34888317294056	0	0.883573966374958	0.484112363844749	0.0345225992167186	0.770879788873536	0.84286429549594	0.542208175682027	0.44585
1	1905790	1905790	1905790	1905790	0	4	0.518681611732555	0	0.979249087293209	0.461582033587914	0.961389190684883	0.729663790104758	0.221024889945868	0.310067839261527	0.2431
1	1912181	1912181	1912181	1912181	0	5	1.53457524498471	0	0.994566376168053	0.296983707661836	0.0575177128293291	0.569593046280201	0.279483264603053	0.00867276102796006	0.08535
1	1914124	1914124	1914124	1914124	0	4	0.508994213569913	0	0.953188917520707	0.468598336599609	0.799281657289563	0.804566168773124	0.249211198270462	0.83350187404626	0.0393863179074447
1	1930391	1930391	1930391	1930391	0	4	0.271761719563627	0	0.553841595678523	0.71932916740516	0.913734090294875	0.808187804626427	0.38473876882158	0.544404614490918	0.295068795822035
1	1933267	1933267	1933267	1933267	0	3	1.0698122809433	0	0.654825835363561	0.0832042289125336	0.491517425272456	0.0418530043047006	0.90320475035095	0.102410527581343	0.03275
1	1939826	1939826	1939826	1939826	0	2	0.52263209704621	0	0.304749917420681	0.89977510993155	0.215472063432207	0.433292420201463	0.717832418130618	0.737741352014212	0.155888564819471
1	1941658	1941658	1941658	1941658	0	4	0.286914285957082	0	0.535665363023349	0.885878200168458	0.938577298537968	0.878757086799653	0.453894117700641	0.84212765851733	0.304378318805731
1	1951827	1951827	1951827	1951827	0	4	1.15835051098383	0	0.0689563352236762	0.324679738244296	0.233958131683493	0.629679428649285	0.0225478260749582	0.969383710420562	0.170479630744531
1	1960388	1960388	1960388	1960388	0	5	0.143081001618939	0	0.563949543207201	0.82651570352092	0.654279850892791	0.56046115102396	0.901223739519507	0.470633182603337	0.0321866827600081
1	1966244	1966244	1966244	1966244	0	1	0.425656723065054	0	0.830659825237952	0.289902681088646	0.744900216232226	0.505767606947795	0.772518618013227	0.880857520993987	0.0577541181197268
1	1966659	1966659	1966659	1966659	0	4	1.27767877027219	0	0.369829495793249	0.112214521800124	0.788244278197571	0.459382702012704	0.0195129429649526	0.369251255260501	0.02035
1	1967014	1967014	1967014	1967014	0	0	1.46575154079195	1.46575154079195	0.0191273993695118	0.908725452379518	0.223981814084168	0.55899441214004	0.707586694333754	0.442064685345329	0.282670025188917
1	1979724	1979724	1979724	1979724	0	0	0.36697055094019	0.36697055094019	0.162575862854248	0.37846578077489	0.628924860756366	0.224666589716749	0.201126469777398	0.427407027562738	0.239563424202796
1	1980000	1980000	1980000	1980000	0	1	0.521650106768223	0	0.78434991260703	0.106737848910008	0.271273152782213	0.881662678946352	0.354787698323985	0.130064858410083	0.0121718137008349
1	1981118	1981118	1981118	1981118	0	5	0.483136018421772	0	0.235070617170215	0.299286346247441	0.657638586682933	0.935311205034804	0.344543631700681	0.113268254700186	0.0897924395868846
1	1983208	1983208	1983208	1983208	0	5	0.452173225000721	0	0.481957648135865	0.404161815718483	0.370252052691489	0.205758154612512	0.874407365960115	0.142686227247126	0.397996173597825
1	1986754	1986754	1986754	1986754	0	3	0.611212364232862	0	0.748138912169608	0.382621050284709	0.787250011981165	0.115597129085445	0.212622438522333	0.472236348953217	0.06085
1	1987762	1987762	1987762	1987762	0	2	0.460396414655574	0	0.262414507187364	0.957107044314092	0.253747065067401	0.475347811747991	0.732482818985389	0.768826814974087	0.145751436347143
1	1994110	1994110	1994110	1994110	0	0	0.281156403583783	0.281156403583783	0.11502839298497	0.589113402904704	0.142467199739832	0.304866586098725	0.193791529841925	0.219766481986207	0.037124248496994
1	1998878	1998878	1998878	1998878	0	2	0.245775525682835	0	0.67558757252695	0.597616463552042	0.383624315400379	0.822319538634197	0.804403891003764	0.615645973522909	0.0204554615074567
1	2000288	2000288	2000288	2000288	0	4	0.620872330351982	0	0.941202990194397	0.351840943967726	0.732371846677067	0.893874327002278	0.20743196192973	0.866458976487384	0.013222478212962
1	2008959	2008959	2008959	2008959	0	0	0.481043103334218	0.481043103334218	0.231620805282712	0.907882895089897	0.701165712346894	0.614097146343589	0.488422558127399	0.952819629641899	0.013
1	2009294	2009294	2009294	2009294	0	5	1.1399817512504	0	0.685049118438538	0.714048030318653	0.420060701140293	0.298955524889925	0.770822597233993	0.0496295069347224	0.0153
1	2027859	2027859	2027859	2027859	0	3	0.769892329536394	0	0.919127282631965	0.915939055504743	0.188387599508656	0.113313308718527	0.667072827594967	0.569084363045806	0.0135257898455637
1	2028557	2028557	2028557	2028557	0	1	1.07375624791085	0	0.85417694669081	0.0627009275318853	0.988191262354224	0.743070830543748	0.428982379256029	0.622532973831792	0.0203252032520325
1	2034953	2034953	2034953	2034953	0	3	0.379509446951417	0	0.661872001958338	0.956578353528282	0.309588596914074	0.276226005606206	0.412833225147458	0.693542746295455	0.0101824780723863
1	2036597	2036597	2036597	2036597	0	1	1.12778770046886	0	0.343248756381129	0.0526067648122384	0.743898233859718	0.0830154141597097	0.706039981728762	0.876927935330535	0.122053956473774
1	2037028	2037028	2037028	2037028	0	0	0.622459644784052	0.622459644784052	0.183207947411483	0.768075573603741	0.760734300962296	0.245050071856315	0.995191994545664	0.962163861736887	0.0102901315129003
1	2038732	2038732	2038732	2038732	0	3	1.15297205459668	0	0.182312201028505	0.709012886424815	0.157743043024458	0.0412587231575535	0.586796937026022	0.99840743655963	0.2742
1	2045941	2045941	2045941	2045941	0	2	0.440169398661257	0	0.53168552688674	0.985874556589204	0.332077041208529	0.964810077470881	0.914972938637963	0.804039646070913	0.0109873570138471
1	2055826	2055826	2055826	2055826	0	5	1.32545521692382	0	0.868452969662128	0.990682485795512	0.907095424466528	0.293072895563032	0.261712702077801	0.0410479136117626	0.0327069935691318
1	2057925	2057925	2057925	2057925	0	5	0.731689424170312	0	0.570284038086054	0.360253035094009	0.186397106019053	0.698876879381089	0.694523686909427	0.10577956870515	0.0135080847644873
1	2060058	2060058	2060058	2060058	0	5	1.67262382297417	0	0.942004015621423	0.795985057051396	0.435026081758961	0.946068483111137	0.108841751229829	0.0169153540333014	0.2303
1	2065579	2065579	2065579	2065579	0	1	0.48934782533802	0	0.4431164471715	0.156942277744847	0.545490838924717	0.920506108395682	0.484270235145471	0.380636233452827	0.0429330925870198
1	2066990	2066990	2066990	2066990	0	0	0.314991100026135	0.314991100026135	0.298467472717326	0.304181878130036	0.925590174157015	0.616436162582145	0.554663501911405	0.788407483434799	0.0207978350205473
1	2067708	2067708	2067708	2067708	0	3	0.755254206901512	0	0.195933339352651	0.39569253172714	0.979225031916676	0.0624556936177605	0.182882542359987	0.355489062224528	0.042
1	2073742	2073742	2073742	2073742	0	3	0.192440009655809	0	0.389061919263374	0.432406002298446	0.463092127879244	0.277620610028674	0.29770350048385	0.469693358727329	0.0157062825130052
1	2076055	2076055	2076055	2076055	0	1	0.402147797820313	0	0.226001271905006	0.212420321546864	0.903018676040044	0.533567147821922	0.692235216811674	0.536221051230267	0.07585
1	2082868	2082868	2082868	2082868	0	4	0.586959704619357	0	0.169870823786227	0.438043287953616	0.233223932104613	0.98151499676123	0.113385449343417	0.518967661013078	0.0114815187833619
1	2091762	2091762	2091762	2091762	0	0	1.03707118172203	1.03707118172203	0.0774128866594661	0.772548304504344	0.995555484739389	0.89249034656444	0.178254465284552	0.843110395085444	0.0208
1	2104908	2104908	2104908	2104908	0	4	0.864053114931554	0	0.944822310153059	0.422934970220635	0.662422012139562	0.812239227988181	0.111078714599109	0.964879884478178	0.0103
1	2114271	2114271	2114271	2114271	0	5	1.30303238154753	0	0.967911038798455	0.415438281666078	0.956199413062597	0.830202810274431	0.691110498214901	0.0413191917465183	0.0493
1	2122961	2122961	2122961	2122961	0	0	0.519778589603963	0.519778589603963	0.168526574491166	0.770113479626253	0.678298588147034	0.539078354990782	0.557759508735699	0.516644750261132	0.0221194450030163
1	2128225	2128225	2128225	2128225	0	5	0.485715841312796	0	0.498715557011099	0.256101608545243	0.202242023352584	0.475170505935607	0.570165604077232	0.155286476085848	0.0202879581151832
1	2149682	2149682	2149682	2149682	0	3	0.948525255763167	0	0.427415217816683	0.9231925373462	0.479485984716786	0.0539822101540153	0.839843622993706	0.410968368124861	0.0469490670700959
1	2155210	2155210	2155210	2155210	0	3	0.465958175064479	0	0.937365822239743	0.673681416627147	0.716491551924501	0.245048979914507	0.542051539471772	0.98333958521329	0.0204554615074567
1	2160390	2160390	2160390	2160390	0	2	0.306381601492964	0	0.424273332269486	0.512289051530233	0.209538646129178	0.513355328220468	0.410768496825731	0.422190418211438	0.0718159903575733
1	2160661	2160661	2160661	2160661	0	5	1.65308598573584	0	0.643711987780538	0.0664058191334635	0.239861305126936	0.869007290543659	0.754294488962912	0.014308879003741	0.0131008767509826
1	2161490	2161490	2161490	2161490	0	2	0.318135398146939	0	0.363785764446773	0.347695794957522	0.195751679358947	0.407231059967617	0.742221203477094	0.924015621180863	0.160597195601735
1	2164935	2164935	2164935	2164935	0	4	0.585877853426158	0	0.188217854038988	0.427004582134102	0.614352551523461	0.876671906554055	0.159418901743295	0.785144542192209	0.49369896158887
1	2168359	2168359	2168359	2168359	0	1	0.251767049653875	0	0.757934802392587	0.424487395965754	0.570091843278019	0.992769617451223	0.883536082656944	0.665964011951086	0.0563
1	2169829	2169829	2169829	2169829	0	0	0.495608869894267	0.495608869894267	0.158177179125326	0.495168142835537	0.814313739286276	0.733863916592325	0.427202821875656	0.446515023668824	0.0173663545756569
1	2180528	2180528	2180528	2180528	0	0	0.513689444058285	0.513689444058285	0.179336548795354	0.242177430669795	0.250059511971069	0.617656631851876	0.896410180026737	0.585272679675526	0.0170311397762773
1	2188566	2188566	2188566	2188566	0	4	1.24525572081046	0	0.943401026262256	0.513305820578233	0.337394372790075	0.272463927396928	0.0191814800368719	0.159503418199533	0.0112929130696647
1	2188679	2188679	2188679	2188679	0	0	1.4440223059433	1.4440223059433	0.0333815827752102	0.927959945425941	0.461032859634284	0.745561152852934	0.996027494046774	0.934231742982376	0.0105
1	2218034	2218034	2218034	2218034	0	4	0.567107768424719	0	0.715046131630041	0.763011178610392	0.642160497747023	0.270949099775015	0.193743121695942	0.722387155309889	0.02245
1	2219880	2219880	2219880	2219880	0	4	0.206019320869501	0	0.6263909430466	0.675358170664731	0.736921611725488	0.741071046238917	0.436391668645682	0.701286972940947	0.0799
1	2221838	2221838	2221838	2221838	0	0	0.635802063646635	0.635802063646635	0.193083574050609	0.3793370001242	0.602415930200158	0.986284008758319	0.834732634349573	0.86882364168466	0.18635
1	2221975	2221975	2221975	2221975	0	4	0.471018497465193	0	0.655339397274946	0.31161918606775	0.350644299673601	0.862463407630084	0.118535458967399	0.259503737746087	0.436513521664824
1	2222560	2222560	2222560	2222560	0	4	0.648551912553948	0	0.192135307655592	0.997778593858067	0.43043549493632	0.513998810885677	0.115454323720463	0.578444727541355	0.140504555010512
1	2224367	2224367	2224367	2224367	0	5	0.460912428157616	0	0.550999183533863	0.319532099969651	0.599646567031347	0.844923587576537	0.956992847383213	0.207483193343601	0.1059
1	2227675	2227675	2227675	2227675	0	2	0.873635217860014	0	0.691634049831173	0.95831002350303	0.0584389656713364	0.281602952502074	0.436855430234847	0.34469691509562	0.0777967634938184
1	2229156	2229156	2229156	2229156	0	0	0.25448706035046	0.25448706035046	0.25443293757305	0.598167811397979	0.889905994001061	0.457151756186165	0.366950745002054	0.442244455530713	0.203703703703704
1	2235019	2235019	2235019	2235019	0	0	1.00342859076255	1.00342859076255	0.0515254161866915	0.291983218012032	0.337365037243367	0.569589212840785	0.519337997657868	0.759632697502803	0.29035
1	2236359	2236359	2236359	2236359	0	0	0.492169951666864	0.492169951666864	0.149470350003432	0.907037338116597	0.46422123555254	0.479988289253699	0.21507784205439	0.224061403918896	0.1742
1	2237020	2237020	2237020	2237020	0	1	1.03677316606715	0	0.644849471216301	0.059249567155563	0.927863275973726	0.32604534755302	0.627726777464071	0.903174062527954	0.018
1	2238727	2238727	2238727	2238727	0	0	0.378529670396524	0.378529670396524	0.388349084840236	0.970184891995748	0.987755336442465	0.928435967135628	0.598219202014701	0.79485639181114	0.0314
1	2240074	2240074	2240074	2240074	0	1	0.0761393961215332	0	0.688519700123839	0.435711366036981	0.780387163802627	0.490069626989734	0.500965191942082	0.519204305605393	0.01295
1	2246193	2246193	2246193	2246193	0	0	0.832410608223566	0.832410608223566	0.0862084200316239	0.861595102972436	0.586084578355098	0.324097537223561	0.409317165930233	0.966589355986819	0.0201247735962971
1	2253327	2253327	2253327	2253327	0	3	0.0994853093139556	0	0.744517544234734	0.969068664811873	0.609456143588383	0.570090850462401	0.716851800306486	0.687797442552772	0.024
1	2253369	2253369	2253369	2253369	0	5	0.540665131668574	0	0.928022478230459	0.234460920390973	0.901088483488828	0.713856878354101	0.524903288846639	0.205563506298994	0.01675
1	2254500	2254500	2254500	2254500	0	1	1.14345356218882	0	0.280376619231219	0.043074347453782	0.644094204115959	0.984480892948101	0.599338627682821	0.327734545867514	0.0222949169602416
1	2254516	2254516	2254516	2254516	0	0	1.92624815999466	1.92624815999466	0.0110156137913202	0.929515981380329	0.985331829029754	0.469872242519819	0.941558394626155	0.697489252576558	0.4266
1	2256011	2256011	2256011	2256011	0	5	0.760253497764079	0	0.156357054388672	0.498537414805842	0.381833540830912	0.239075886490677	0.942885510561008	0.0663163442090777	0.30245
1	2256290	2256290	2256290	2256290	0	3	0.329660635326138	0	0.83445710779677	0.415094149249358	0.583372592088519	0.30377589866975	0.777062747091662	0.648954053773257	0.0259602782538562
1	2256460	2256460	2256460	2256460	0	3	0.71134522706331	0	0.822810778294775	0.746319326445878	0.221616703470317	0.145070617969431	0.403687752869997	0.953704357378663	0.0562720403022669
1	2256738	2256738	2256738	2256738	0	0	0.11773006100541	0.11773006100541	0.152913584486342	0.454027100278694	0.188941061419805	0.737218651953572	0.200528511376947	0.16870416692672	0.0341970473034046
1	2261983	2261983	2261983	2261983	0	0	0.628467792640599	0.628467792640599	0.144270697964097	0.686668579715434	0.464607544989977	0.632205307998845	0.613261817116529	0.422889674972307	0.2445
1	2266231	2266231	2266231	2266231	0	4	0.773480755510422	0	0.459693855275955	0.765612651288325	0.36415280520484	0.476302937031979	0.0774440297405633	0.232970560339974	0.0217609810031159
1	2267297	2267297	2267297	2267297	0	4	0.623135492151866	0	0.143269600175868	0.678992328435225	0.691630303747991	0.0944292191671501	0.0498564077207488	0.209342051311781	0.22505
1	2267392	2267392	2267392	2267392	0	0	0.295758885625023	0.295758885625023	0.408077884458414	0.754692262360507	0.900176915629	0.845340614109229	0.629322019761867	0.806309811873213	0.0109956622616766
1	2269050	2269050	2269050	2269050	0	2	0.1674330522836	0	0.690253497659891	0.478304066372964	0.299414471789174	0.409472896526753	0.322068504554231	0.440256564032455	0.0112
1	2269881	2269881	2269881	2269881	0	1	0.248695640406834	0	0.517544181518255	0.291911893490721	0.4676964825429	0.298417128202704	0.839115488113181	0.601747968973057	0.1881
1	2271674	2271674	2271674	2271674	0	5	0.609773961625955	0	0.532091216006772	0.44417329532574	0.96902866999424	0.681328160381053	0.850292699614835	0.167333300715298	0.28735
1	2273591	2273591	2273591	2273591	0	2	0.405527088679047	0	0.403372984023594	0.206250830295072	0.158554918678658	0.538421811885314	0.626671338622364	0.258788737427849	0.0262946607788037
1	2273620	2273620	2273620	2273620	0	1	0.310279155185967	0	0.88715450399983	0.344058477924414	0.964882433947236	0.570134265440382	0.670272056812549	0.702928932035695	0.0133098945253641
1	2277001	2277001	2277001	2277001	0	2	0.565918831807933	0	0.653878515637682	0.406603842770287	0.16886462034711	0.947671272942245	0.501398438919249	0.621523422216111	0.0153210361858683
1	2277827	2277827	2277827	2277827	0	3	0.654274542845498	0	0.601281261978962	0.74298209667797	0.766249136538265	0.133660709152339	0.364264192727887	0.602945841012668	0.207014714775247
1	2278115	2278115	2278115	2278115	0	0	1.06448139288743	1.06448139288743	0.0484150502907695	0.561644848991657	0.324632233380096	0.98844194398482	0.809714350533044	0.176665301770562	0.166783990345937
1	2279434	2279434	2279434	2279434	0	1	0.46627467721002	0	0.915535896159467	0.208285732772799	0.461273498523205	0.437012766399074	0.773058615323902	0.609444552854181	0.156910078455039
1	2279832	2279832	2279832	2279832	0	2	0.425109829848094	0	0.216579459389628	0.389425844296809	0.152915456991045	0.40696889484411	0.835001247750174	0.554398405717826	0.197984886649874
1	2279986	2279986	2279986	2279986	0	4	0.285425253293089	0	0.920829659377043	0.404731370258672	0.51774279480243	0.593848348427204	0.307787019204864	0.718049573596168	0.0140590480016068
1	2281978	2281978	2281978	2281978	0	5	1.12996069790758	0	0.541867277631008	0.132697367740634	0.452722748933389	0.645666461693708	0.598388894997629	0.0401728115641884	0.474022711285298
1	2282680	2282680	2282680	2282680	0	1	0.173977130234509	0	0.555896028724719	0.471412652996305	0.533590212482395	0.71779300233186	0.827148025669948	0.703685116258551	0.366746939594622
1	2284864	2284864	2284864	2284864	0	0	1.22099026080719	1.22099026080719	0.0410019915452062	0.453313620423349	0.682017019645137	0.458689134351023	0.918089764505286	0.743825631041528	0.0119083661317994
1	2292653	2292653	2292653	2292653	0	0	1.23998750867865	1.23998750867865	0.0155811746035432	0.0625903823317524	0.21669687331063	0.270761993531366	0.587977659110904	0.420608208527642	0.0778
1	2301212	2301212	2301212	2301212	0	0	0.480930531774523	0.480930531774523	0.197376973555867	0.59734745440361	0.639096419932692	0.976016048859624	0.421648955126396	0.495879012765389	0.0304
1	2304000	2304000	2304000	2304000	0	5	0.55871726634651	0	0.829953613597731	0.88493037775531	0.293669506427517	0.12267198560041	0.372570854247101	0.102918064749003	0.01405
1	2306152	2306152	2306152	2306152	0	4	1.54978088850268	0	0.357977009638575	0.665488169480886	0.765764530765712	0.987548172086627	0.0187654701991564	0.343850610349344	0.36495
1	2306831	2306831	2306831	2306831	0	2	2.35189366380423	0	0.133071235867066	0.659687741256001	0.00261928467582783	0.329009578076009	0.588947206133732	0.681086834969281	0.0163553760726906
1	2307083	2307083	2307083	2307083	0	0	0.623038236535862	0.623038236535862	0.183697105329148	0.960837888096218	0.320081753912607	0.77115299449041	0.930056071267478	0.707843104303156	0.0171826470293558
1	2308517	2308517	2308517	2308517	0	5	1.37957123109689	0	0.324343978982112	0.68102762753653	0.220294644695228	0.291278128435313	0.530135044379379	0.0135342629261376	0.10767921505807
1	2311393	2311393	2311393	2311393	0	4	1.56518928771269	0	0.782953999382402	0.101239835208255	0.129747883323805	0.00324424920253196	0.00275525717399519	0.0692486467902422	0.250425553219185
1	2312395	2312395	2312395	2312395	0	2	1.19102356239919	0	0.162051161495025	0.278736858531402	0.0140200348042996	0.217657007629908	0.0172014452291428	0.537519410004378	0.20435
1	2315438	2315438	2315438	2315438	0	3	1.50457631660418	0	0.214339434636622	0.427745349994558	0.713816963638421	0.0133847104455304	0.860239502918251	0.334117117540712	0.138369521511862
1	2315717	2315717	2315717	2315717	0	0	0.518123930633012	0.518123930633012	0.181448070822256	0.642509584506203	0.598241154224673	0.279194411938817	0.717373211309719	0.187005151677068	0.455396475770925
1	2318709	2318709	2318709	2318709	0	0	0.181760225199459	0.181760225199459	0.385967322457442	0.823667060197	0.586557729681334	0.414008544082481	0.565889192535806	0.757768559095837	0.0113247433058184
1	2325371	2325371	2325371	2325371	0	2	1.19256713597302	0	0.359712909119248	0.836050065268372	0.0438593079405371	0.154483642134417	0.683327518367344	0.866831715148937	0.0662
1	2325760	2325760	2325760	2325760	0	5	0.847463733476148	0	0.662193887012414	0.122230749857385	0.459720058373409	0.945484516391973	0.283875163301815	0.0653175249296324	0.0214557850411069
1	2326812	2326812	2326812	2326812	0	2	0.338925981024978	0	0.597043081842187	0.579790487244471	0.267282890467361	0.398056126502854	0.583306935563664	0.719384680594696	0.470286059629331
1	2329212	2329212	2329212	2329212	0	0	0.181178570761374	0.181178570761374	0.287944325395237	0.363046343271851	0.396359730011028	0.437005693254695	0.661030838445569	0.610593591953452	0.04755
1	2329413	2329413	2329413	2329413	0	0	0.804125339889772	0.804125339889772	0.130942177483134	0.892091917664308	0.495230466538959	0.223484883706647	0.834074605195612	0.897424008451028	0.121834807073955
1	2329808	2329808	2329808	2329808	0	3	0.441518070248562	0	0.720454983890922	0.812997491185582	0.970755142723782	0.281150546100354	0.405534081256179	0.777064379907445	0.0632835222144218
1	2344042	2344042	2344042	2344042	0	4	0.408082959543544	0	0.574615700105012	0.440346941034891	0.977939927099498	0.193300382203806	0.19183012965345	0.49090762732507	0.010690872415532
1	2350912	2350912	2350912	2350912	0	1	2.30884806089847	0	0.840399357127723	0.0028450184176723	0.782171000146188	0.169750570249198	0.579339503910213	0.259410125228603	0.306631219903692
1	2352280	2352280	2352280	2352280	0	4	0.202985744586334	0	0.682995942234088	0.832606116008638	0.912350668182416	0.821901634530581	0.515031864878251	0.78792456942721	0.3135
1	2353972	2353972	2353972	2353972	0	0	0.981615338732353	0.981615338732353	0.0563342045542772	0.185770602036244	0.438658852917038	0.653883050500729	0.82924545146629	0.539992223006789	0.03495
1	2354016	2354016	2354016	2354016	0	0	0.909030705407367	0.909030705407367	0.0695083087197081	0.563725170672488	0.565625784271384	0.910664286687951	0.0947965743404609	0.364473748132705	0.1156
1	2355563	2355563	2355563	2355563	0	4	0.451290053967232	0	0.581672216271978	0.00408688007965109	0.0327325921784654	0.00430101495716319	0.00152153132825178	0.00192260579662104	0.1825
1	2357367	2357367	2357367	2357367	0	2	0.663522843024555	0	0.251649220105223	0.856431572751799	0.140532494884357	0.83601030178445	0.647589203143641	0.322733050973798	0.0284
1	2357810	2357810	2357810	2357810	0	3	0.311892180459874	0	0.11013335522958	0.193035090010523	0.163976065403249	0.0928447877797539	0.292586849618851	0.190392443800983	0.1
1	2360656	2360656	2360656	2360656	0	2	1.29481992900072	0	0.919756014678245	0.718206592845648	0.0364275076823628	0.905671785164408	0.421684007597035	0.253758530221187	0.0111456973591726
1	2362764	2362764	2362764	2362764	0	3	0.228527144246849	0	0.409406628188825	0.86802574674874	0.541073392381747	0.311521117193381	0.527247629600693	0.436120844951147	0.319306682697125
1	2363327	2363327	2363327	2363327	0	2	0.311535732338125	0	0.590602194785712	0.419867435591472	0.288243368347047	0.664889693898307	0.723499239463553	0.304062195847161	0.3918
1	2366316	2366316	2366316	2366316	0	4	0.831125815580866	0	0.235860831740941	0.982191146723818	0.55968615884431	0.115760823055565	0.0608572757028133	0.412513648904545	0.15385
1	2372940	2372940	2372940	2372940	0	1	0.525807163395843	0	0.626638938557663	0.186728330592482	0.386039086789229	0.967559069854263	0.98361111280274	0.209405148700721	0.0601161277405146
1	2373987	2373987	2373987	2373987	0	0	1.65585076606817	1.65585076606817	0.0132472858945305	0.821463045457018	0.599760244868815	0.22100292592322	0.993798783156606	0.428625626111718	0.1138
1	2379065	2379065	2379065	2379065	0	1	0.893090685037575	0	0.134411588991531	0.0633303100953444	0.891644596285275	0.880536266290342	0.133241315527996	0.495110685714205	0.019844475863462
1	2393562	2393562	2393562	2393562	0	0	1.78349053007746	1.78349053007746	0.0108195673189541	0.305900847647864	0.679831343389068	0.657204341150221	0.286274193602577	0.736903268965417	0.0215270093551957
1	2394074	2394074	2394074	2394074	0	5	0.336914072202404	0	0.143222293723864	0.0388037381322024	0.0600500324410501	0.043839287373484	0.0626181873226409	0.0276438911452606	0.49944823434992
1	2408834	2408834	2408834	2408834	0	0	0.470722057120669	0.470722057120669	0.216504512867084	0.63566484340675	0.651323135004167	0.640013316741923	0.624862773814732	0.953683918677715	0.0986
1	2409276	2409276	2409276	2409276	0	3	0.809966839161612	0	0.173705349957521	0.643364138817435	0.154833879061074	0.0269058276144046	0.0387487089067667	0.199451377798	0.3791
1	2410711	2410711	2410711	2410711	0	3	1.15522340401603	0	0.0862252244750186	0.679945193555956	0.796101602653587	0.0369696113018024	0.443135570296112	0.528528351015444	0.0223536487570168
1	2424319	2424319	2424319	2424319	0	5	0.591868903255274	0	0.848691260758169	0.387169704480491	0.92021964481587	0.304064435640613	0.470660671539099	0.120458931587525	0.0146
1	2425048	2425048	2425048	2425048	0	5	0.47358617822781	0	0.976928827715495	0.446930364688193	0.55268134569034	0.481491109320607	0.41023641767617	0.161808783981965	0.0116490166414524
1	2426047	2426047	2426047	2426047	0	3	0.772546205341031	0	0.873427261163661	0.0065704930116239	0.0301801821003258	0.00509536911752414	0.124846895446026	0.0114306911480943	0.0182828282828283
1	2433894	2433894	2433894	2433894	0	5	0.439378735490267	0	0.280378994500325	0.50984966275808	0.770556231737696	0.752215294899875	0.768797419625243	0.273503837506448	0.0197984886649874
1	2438167	2438167	2438167	2438167	0	2	0.419206338163014	0	0.614601607439056	0.388497900166051	0.224054534319006	0.455913356533172	0.588247480260538	0.887282635925751	0.0432005632669483
1	2438353	2438353	2438353	2438353	0	0	0.834351982348072	0.834351982348072	0.0536068476151859	0.679272733739985	0.22626805387082	0.798976939588264	0.366076837831052	0.215413091313998	0.021415644480193
1	2438653	2438653	2438653	2438653	0	5	0.4219889645711	0	0.47137560868677	0.419318968679761	0.77265312153891	0.884879278672905	0.939382466365331	0.292412274510528	0.0247449752550248
1	2438768	2438768	2438768	2438768	0	4	0.0743971431285325	0	0.247758375704821	0.210820789617365	0.224147074856509	0.255624761585418	0.208752267718179	0.460574586506999	0.262967066169806
1	2443655	2443655	2443655	2443655	0	3	0.167298279679087	0	0.192794248729448	0.142858651946106	0.187404648115476	0.13115830472087	0.302970303646395	0.491341232587753	0.2054
1	2444935	2444935	2444935	2444935	0	0	0.46748267903531	0.46748267903531	0.247215656649683	0.7253684317651	0.415464211369152	0.896507333553386	0.482962556916212	0.760304230164025	0.0303530353035304
1	2456954	2456954	2456954	2456954	0	1	0.634213514747942	0	0.983840198086646	0.188630314916863	0.812503058646919	0.442062335671858	0.211120794632485	0.932357703545647	0.0167217382597377
1	2458010	2458010	2458010	2458010	0	4	0.804420047721523	0	0.814335640860142	0.99321523748194	0.76939028335745	0.167389461366203	0.120705386102856	0.484192472625001	0.02785
1	2467764	2467764	2467764	2467764	0	5	1.23952387351665	0	0.38725677401451	0.973021437301444	0.895192158709884	0.521275332078877	0.824222064851163	0.0474810553244927	0.0123049219687875
1	2474225	2474225	2474225	2474225	0	4	0.545388526964589	0	0.147058521724776	0.843863270789852	0.492560434027401	0.480997571733011	0.140304304832306	0.940785409129586	0.0110172049501962
1	2482834	2482834	2482834	2482834	0	0	0.718141517049391	0.718141517049391	0.0957521341216209	0.579506253419499	0.258805483773389	0.369984697704973	0.500368520583074	0.508529829361892	0.014453477868112
1	2483298	2483298	2483298	2483298	0	0	0.945516284395299	0.945516284395299	0.0732371247411291	0.598824116183647	0.482187660866324	0.646022390001573	0.649318525959554	0.805916789507604	0.494116463843911
1	2488901	2488901	2488901	2488901	0	4	0.390217650465572	0	0.88888219237621	0.580771542588547	0.442191883544351	0.301324181474281	0.236476330484273	0.6327298282004	0.0199075005027146
1	2492665	2492665	2492665	2492665	0	5	0.568387658447375	0	0.611226101625933	0.464478193438742	0.285457731146556	0.421839556673093	0.576979330081968	0.125480913263844	0.134291725105189
1	2504281	2504281	2504281	2504281	0	2	0.734820048079523	0	0.797371568557522	0.0871127755361956	0.0708504208004872	0.5176611777935	0.384735695821262	0.11911040306811	0.0187267797971684
1	2506861	2506861	2506861	2506861	0	0	0.544530256909933	0.544530256909933	0.140977590385741	0.395976218726779	0.634643163991389	0.337053143881913	0.68745427181685	0.493946986453335	0.0227638190954774
1	2510605	2510605	2510605	2510605	0	2	0.520304248105755	0	0.755773172631451	0.459213369532639	0.138583101137527	0.710959682818949	0.2584429213627	0.406194803789914	0.0488390712570056
1	2512456	2512456	2512456	2512456	0	4	1.35761793348129	0	0.710987644537721	0.81588130217723	0.534080572563214	0.533795667724484	0.0312064322820424	0.814680031065917	0.03855
1	2529283	2529283	2529283	2529283	0	4	0.481949081401116	0	0.747178607500355	0.573607164847683	0.2145150776627	0.603163337193925	0.189088660796651	0.412801125769176	0.0373
1	2535496	2535496	2535496	2535496	0	0	0.858656315598777	0.858656315598777	0.0591520372251778	0.78789169580795	0.390936875524551	0.064504715120189	0.427194863448552	0.805907297097771	0.0853144748721036
1	2537072	2537072	2537072	2537072	0	1	0.345371901376807	0	0.938584275190926	0.181928563814674	0.91298152431313	0.402970071597299	0.264773432555574	0.332964100646804	0.0494
1	2546089	2546089	2546089	2546089	0	1	1.4871367054819	0	0.871291429306499	0.0214120461559978	0.664621567482275	0.586148740963717	0.657347289282632	0.110362725883554	0.01
1	2546593	2546593	2546593	2546593	0	5	0.361272377806954	0	0.956879008678571	0.987426872870189	0.414009579953217	0.610621352541212	0.951108772803618	0.413959458063337	0.0932
1	2546808	2546808	2546808	2546808	0	0	0.588758467154036	0.588758467154036	0.111447558407027	0.760323873950122	0.196033947592158	0.432343591111402	0.787639244118577	0.349669501201372	0.01505
1	2553383	2553383	2553383	2553383	0	3	1.32778267383535	0	0.0459696122794202	0.763452938510198	0.881702680150281	0.0358921601743535	0.746182996062905	0.996798552214868	0.0115799013191018
1	2554010	2554010	2554010	2554010	0	5	0.838309015543007	0	0.68314535106253	0.446920586939851	0.614347876035961	0.586769516121633	0.239997313166543	0.0851448780366325	0.0116197183098592
1	2556987	2556987	2556987	2556987	0	3	0.224181126565147	0	0.475012930808118	0.670910807701484	0.935578654573292	0.400390404968183	0.593681877071779	0.74010255788594	0.0282084625387616
1	2567222	2567222	2567222	2567222	0	2	0.551835211273187	0	0.466836794074456	0.663449763645839	0.17881267770302	0.637138014820231	0.697215484425289	0.48957914736234	0.0195446302639533
1	2568360	2568360	2568360	2568360	0	0	1.65337487200742	1.65337487200742	0.00817422519152273	0.367977674022515	0.368479166286025	0.196437196832011	0.997482346759443	0.0208224025692621	0.0160298417179151
1	2584510	2584510	2584510	2584510	0	1	0.566291281059198	0	0.518799364805774	0.182445764575656	0.805493779588205	0.803965781827631	0.67208633737541	0.337224025329396	0.0297523157470802
1	2625027	2625027	2625027	2625027	0	5	2.03061286923384	0	0.367485265587197	0.338388766744235	0.95530695653924	0.874289772746509	0.6447381487686	0.00600856133362072	0.0193483709273183
1	2625071	2625071	2625071	2625071	0	5	1.03549804476435	0	0.962640941711084	0.922831360060087	0.619276208436967	0.756202901855702	0.959842050183844	0.0850402052513544	0.0108124494745351
1	2707957	2707957	2707957	2707957	0	1	0.240532007532546	0	0.437260056067438	0.251308859132346	0.305453842915872	0.764459047032909	0.2958877809277	0.695994136959126	0.0790980313378868
1	2737637	2737637	2737637	2737637	0	1	1.07670464894604	0	0.923466012032056	0.0707641184556008	0.675044069196347	0.844340749689995	0.250141071610835	0.9539926117832	0.0306766917293233
1	2753227	2753227	2753227	2753227	0	0	0.933258803401171	0.933258803401171	0.0812040318202992	0.865266985028259	0.696364136056984	0.95812686473683	0.513474615523221	0.294598884818023	0.02375
1	2753870	2753870	2753870	2753870	0	2	1.65582038197053	0	0.0159696258028214	0.38878117688792	0.00598256735467107	0.270836990154678	0.695467442028633	0.043250632686401	0.0180559735179055
1	2756288	2756288	2756288	2756288	0	4	0.556084385526461	0	0.183309961915157	0.924067877564799	0.195077575135375	0.944566974481407	0.111314356311929	0.400530474220492	0.492641169403284
1	2761931	2761931	2761931	2761931	0	1	0.742889474667298	0	0.789504848281376	0.0989218560586943	0.622276591578438	0.432120107007473	0.164513221188541	0.547244910278604	0.016542638777152
1	2762910	2762910	2762910	2762910	0	5	0.726758183852565	0	0.837674193559283	0.22625274516947	0.167229227118841	0.723708020732912	0.35003900183395	0.0656686748934569	0.05975
1	2771544	2771544	2771544	2771544	0	0	0.719462764002209	0.719462764002209	0.0589970916346302	0.21261569156753	0.587050207865899	0.266917051303074	0.410901595463382	0.30923836389772	0.0273011707710941
1	2776761	2776761	2776761	2776761	0	0	1.35177940627723	1.35177940627723	0.0216702253104199	0.775837398604199	0.109988906296537	0.529797658973272	0.0540693122849616	0.487127707978509	0.463311524911928
1	2783309	2783309	2783309	2783309	0	2	0.448725074978674	0	0.905039421767308	0.926054191983575	0.277321813120821	0.704763902035949	0.643679467919232	0.779307948675728	0.4222
1	2786626	2786626	2786626	2786626	0	2	0.527858576717399	0	0.208812172314446	0.848388528128623	0.165331335864708	0.859755117222195	0.5574600527344	0.491975323323541	0.036
1	2797856	2797856	2797856	2797856	0	3	0.115131079996718	0	0.739428999759364	0.644478460572434	0.794672123453277	0.56723810727307	0.97573719670538	0.569264470967266	0.4754
1	2798727	2798727	2798727	2798727	0	4	0.327155952096756	0	0.724861735017293	0.995761003693401	0.918390400029889	0.760190385857947	0.42853454839563	0.910210398137128	0.0104104104104104
1	2800573	2800573	2800573	2800573	0	1	0.683746684251124	0	0.897710725755038	0.185947237141753	0.525817496663655	0.916718725609513	0.299061823793672	0.950617812307992	0.0343
1	2801459	2801459	2801459	2801459	0	2	0.750149592691426	0	0.810910868595025	0.866425226106289	0.144152948078645	0.399972928621371	0.922048471397692	0.224307451384065	0.106734816596512
1	2802562	2802562	2802562	2802562	0	4	0.512620027154207	0	0.319348549738318	0.339796133620818	0.222457252302392	0.516880658022189	0.104375460786368	0.353153151959468	0.0603
1	2805896	2805896	2805896	2805896	0	5	0.485029090010819	0	0.719744997507328	0.65825709977737	0.67672776939905	0.834652191339855	0.519802151756867	0.221505700837223	0.1557
1	2811427	2811427	2811427	2811427	0	3	0.675864970902148	0	0.957491229967423	0.972056059267949	0.799434505790155	0.168623429864518	0.777539768437463	0.620909909721121	0.0117829923786602
1	2811660	2811660	2811660	2811660	0	0	2.38808082077195	2.38808082077195	0.00146570943637847	0.0708911460976596	0.418156919438713	0.810461133599722	0.358202575938646	0.069870143862971	0.0486
1	2821127	2821127	2821127	2821127	0	0	1.05792459662074	1.05792459662074	0.0528998203513779	0.891908650078666	0.731036876648568	0.604475626138662	0.471546888124823	0.528769288128636	0.01125
1	2822748	2822748	2822748	2822748	0	2	1.74973297276709	0	0.0972027450385953	0.826692823704915	0.00460521099798057	0.186177301262429	0.686278317371752	0.258810865989353	0.193718064322212
1	2824878	2824878	2824878	2824878	0	1	0.227513769894871	0	0.533249769094162	0.278557469075845	0.413203093100989	0.520070618837962	0.335367794979227	0.470358046266285	0.01245
1	2832957	2832957	2832957	2832957	0	0	0.883809844628207	0.883809844628207	0.0904852543602521	0.724688986266659	0.692448782797381	0.527026880586503	0.663535158539977	0.857606752853479	0.0229
1	2836454	2836454	2836454	2836454	0	0	0.546180159460446	0.546180159460446	0.104118506331938	0.449890892555711	0.531827668314761	0.36619135609953	0.12340156032217	0.35863981426758	0.0113017154389505
1	2837711	2837711	2837711	2837711	0	2	0.745882365618468	0	0.697842021478608	0.902774131235296	0.110134310763995	0.606484821013854	0.386836729654231	0.613486490856847	0.216417160655079
1	2846518	2846518	2846518	2846518	0	4	0.583959730131868	0	0.460402852168792	0.859860649278792	0.492100886884581	0.362680902715826	0.128260939749553	0.679271873667058	0.0168329805463159
1	2853759	2853759	2853759	2853759	0	1	1.2116678943956	0	0.867823320542503	0.0533044445372018	0.966765674254411	0.873055701534444	0.239591342919727	0.741296537594121	0.328804347826087
1	2855237	2855237	2855237	2855237	0	5	1.39880033728071	0	0.974970275135466	0.526807991746535	0.754957187118794	0.166388477902863	0.417518860566941	0.0210306171492005	0.0698385641231325
1	2859668	2859668	2859668	2859668	0	5	1.4549883496844	0	0.113813027872473	0.820549060154287	0.929509088088167	0.754440990679027	0.176783003440383	0.0264628690059784	0.06955
1	2859724	2859724	2859724	2859724	0	4	0.311449760335449	0	0.506345629203227	0.431858483817843	0.924988737012228	0.614631893552183	0.247170880770336	0.315409396858926	0.16795
1	2872305	2872305	2872305	2872305	0	4	0.270260666078202	0	0.332594018027874	0.450038752020774	0.49339966724236	0.921006231624593	0.264812320021927	0.606955809556536	0.0124773596297042
1	2879739	2879739	2879739	2879739	0	4	1.48128242407067	0	0.333793801630285	0.714395849629789	0.166184889776605	0.0770755171540427	0.00548667340223075	0.069302973077916	0.03125
1	2882035	2882035	2882035	2882035	0	5	0.272761214470714	0	0.827017344082531	0.933025228336636	0.761013451749761	0.997896606129185	0.613125161872147	0.441319790290471	0.179297226949645
