chr	start	end	actual_start	actual_end	signal	kappa	tau	W	P_KS	P_KS_k1	P_KS_k2	P_KS_k3	P_KS_k4	P_KS_k5	MAF
1	769223	769223	769223	769223	0	1	0.310872261676927	0	0.500292550826083	0.29093703063872	0.595211431665008	0.63969983769425	0.530118026652905	0.953602984621663	0.12784632360317
1	801536	801536	801536	801536	0	1	0.462613866640208	0	0.330519284240775	0.201011172559469	0.794478464098199	0.228729043188823	0.838040086769879	0.583222222577563	0.0159
1	833927	833927	833927	833927	0	0	0.129590448170344	0.129590448170344	0.251478505405058	0.254337013787072	0.982884171938512	0.338915412112477	0.259762934267989	0.360395372796316	0.211963067041349
1	834263	834263	834263	834263	0	4	1.28858722553402	0	0.710218698499477	0.860590564318901	0.997205615144464	0.249771959040863	0.0365430571071634	0.590097477167157	0.0217762167586553
1	837657	837657	837657	837657	0	4	1.31339271173381	0	0.804936689831776	0.935113089855732	0.650799257316706	0.90211308927702	0.0391173126931342	0.666284070817228	0.0158253205128205
1	840753	840753	840753	840753	0	4	1.32317412752395	0	0.937543734682944	0.701229878090117	0.0649050887809713	0.231204412446648	0.0288099243811047	0.606340036973723	0.404
1	844300	844300	844300	844300	0	3	0.816675635844403	0	0.609067030091854	0.478462299785046	0.0527817879977976	0.0506410686099175	0.0664868470625692	0.332030895928278	0.179981911365692
1	850371	850371	850371	850371	0	1	0.674594746044329	0	0.886768682203722	0.1522880077153	0.980385441999705	0.719880568850861	0.338149771355685	0.156686226948615	0.397467974379504
1	851390	851390	851390	851390	0	0	1.39083149964293	1.39083149964293	0.0390517441935633	0.640906837697134	0.995148245662287	0.973822271841778	0.960443751570708	0.25491076961058	0.0419
1	862772	862772	862772	862772	0	3	1.67497434128298	0	0.336093256772053	0.415568223334715	0.493499470144627	0.00878350777964824	0.376763952402905	0.938132575973337	0.03035
1	864490	864490	864490	864490	0	5	1.40901186873378	0	0.32348658347871	0.883807435718602	0.624557974004163	0.421564443675188	0.98574706881783	0.0243534721582651	0.0409
1	867663	867663	867663	867663	0	5	0.665570469091355	0	0.114930238547869	0.254923488722071	0.594490923482051	0.746775756454328	0.301737085958501	0.0651715759010663	0.0192982456140351
1	872352	872352	872352	872352	0	5	1.22781204743174	0	0.385132747163095	0.388297630243468	0.0429053725972088	0.67357947386618	0.0896789524768938	0.022792837805431	0.268009645333066
1	876499	876499	876499	876499	0	3	0.521205167668761	0	0.432279774667152	0.597337128735481	0.578279203793705	0.130184640681955	0.186692250466015	0.239462683676841	0.0521521521521522
1	878331	878331	878331	878331	0	1	1.02813017940298	0	0.786816125282177	0.0737467817014017	0.92088380708538	0.197326721238263	0.927087561085749	0.396694286817366	0.0130840184479647
1	879482	879482	879482	879482	0	0	1.03698730351557	1.03698730351557	0.0338443786644891	0.368530850119826	0.440807616700225	0.946343225544948	0.11966941409312	0.176664400526083	0.011623246492986
1	881918	881918	881918	881918	0	3	0.684322643342965	0	0.949775193859631	0.174605004954817	0.489780599192872	0.101316209850708	0.624373988530281	0.483282698804785	0.0705
1	891620	891620	891620	891620	0	0	0.359841533844539	0.359841533844539	0.221219929197384	0.442848353782082	0.409752831517005	0.506600696839827	0.635973346986755	0.618051611139434	0.0187449474535166
1	894519	894519	894519	894519	0	1	0.908117460037987	0	0.97506413177408	0.109635020423139	0.503301039071119	0.359688850875739	0.972518554267579	0.887292400497273	0.02205
1	907609	907609	907609	907609	0	0	1.08408266149968	1.08408266149968	0.0411091745322669	0.914232244283803	0.498909091186373	0.449971404120605	0.268623199673409	0.989199297480362	0.015645371577575
1	910512	910512	910512	910512	0	2	1.75691226438184	0	0.294608070410933	0.915504267058939	0.0122733527466277	0.975732119041089	0.449412919311318	0.701254208710774	0.0120943358193913
1	913610	913610	913610	913610	0	4	1.13123014658876	0	0.330191160675343	0.0730399100491174	0.0545673987941526	0.487621236586439	0.0227785608262494	0.308145924380068	0.160231271995978
1	914333	914333	914333	914333	0	1	0.801352890321062	0	0.173983924340399	0.0793850758018672	0.594010357061869	0.544500772387505	0.3679552219708	0.502448731505718	0.395382758273815
1	914876	914876	914876	914876	0	4	1.71041550810614	0	0.195319731585535	0.232164368985173	0.108633543288329	0.0848392401368814	0.00380478929200611	0.56998982916744	0.0268957227286387
1	916549	916549	916549	916549	0	0	1.40813379929182	1.40813379929182	0.0232058709565107	0.880272199842845	0.593925090012003	0.993162584651195	0.189546454845517	0.318593133980011	0.245755901557007
1	920503	920503	920503	920503	0	5	0.867235197271964	0	0.0830239933502431	0.628259193553554	0.791279027668348	0.197267188597287	0.0353182675565161	0.0267805602296905	0.147710115752391
1	921071	921071	921071	921071	0	0	0.826969253076205	0.826969253076205	0.130251376743704	0.870428817158333	0.649943126472939	0.96901702080219	0.874483411439681	0.993831884236712	0.08585
1	939950	939950	939950	939950	0	5	0.7355473060761	0	0.73217782969197	0.894208732524326	0.447731212756521	0.762728546716813	0.991190930577995	0.140224110893926	0.0149540264726685
1	940203	940203	940203	940203	0	0	0.317482826496232	0.317482826496232	0.343871998243383	0.935459822411279	0.893150379091529	0.704542617813106	0.714298336689329	0.507795247169322	0.0626
1	945349	945349	945349	945349	0	1	0.725836849403528	0	0.522441518290756	0.0982202043827751	0.562576937711984	0.29532880525328	0.540941247214165	0.519732910893232	0.0355517346009912
1	949608	949608	949608	949608	0	4	0.416695532036414	0	0.565997145875514	0.628208650711667	0.985205758717415	0.300484397056631	0.240662475982614	0.793223251633083	0.39
1	956998	956998	956998	956998	0	3	0.661971847393173	0	0.724755366494697	0.586704627447291	0.539994520813265	0.117602757706583	0.301127111288303	0.537213295554785	0.0180479935470861
1	957640	957640	957640	957640	0	4	0.851097021112922	0	0.148133930228674	0.943235302702375	0.812706414692801	0.995850486726286	0.119088229740039	0.845212401323477	0.0102224894768491
1	958204	958204	958204	958204	0	4	0.0961040910534149	0	0.708611117102251	0.9413631716998	0.708375254049625	0.584389284862159	0.567941848284501	0.91788121729319	0.0137716123843989
1	959509	959509	959509	959509	0	2	0.270098421867988	0	0.517421988941323	0.502909713807103	0.270017307485137	0.536121004760025	0.421027605030268	0.359518581966288	0.10275
1	962720	962720	962720	962720	0	1	0.825731325121329	0	0.975524931542352	0.0797102899054208	0.503267775468503	0.464357219191274	0.533636729419631	0.745780120862566	0.1354
1	963721	963721	963721	963721	0	1	0.131162717343151	0	0.978824095765747	0.359515419598682	0.961202018966702	0.45958310467403	0.48627309295473	0.431018184230245	0.0739865204707775
1	986732	986732	986732	986732	0	4	0.895604087101355	0	0.038649022582611	0.0293843526796711	0.0547163730043178	0.013417995247734	0.0037369048579273	0.00488844206445385	0.0113
1	987253	987253	987253	987253	0	1	0.589751696809615	0	0.752246005504843	0.184083411202555	0.715758229960032	0.41517652236974	0.260465869910882	0.815744054254973	0.02765
1	998170	998170	998170	998170	0	4	0.801325607173144	0	0.486829525911901	0.958472789356242	0.741098959722843	0.501680825687029	0.0792687291152671	0.358207979029388	0.0205223880597015
1	998395	998395	998395	998395	0	1	0.632040473358117	0	0.595260335931422	0.138888558910156	0.908570131129131	0.471503152920048	0.16367824583744	0.6822365678227	0.264422110552764
1	1001290	1001290	1001290	1001290	0	3	0.690960031090115	0	0.25112666359517	0.848540742595129	0.739863933735843	0.150727267545545	0.777294738199536	0.561359330005974	0.0877430346762878
1	1002387	1002387	1002387	1002387	0	4	0.608802905761172	0	0.201972669541318	0.617302156162226	0.946373936183191	0.665734840913768	0.163869595005877	0.987317143369268	0.231217942270944
1	1009234	1009234	1009234	1009234	0	5	0.258939071737925	0	0.818469485199981	0.61759478898769	0.706775410181724	0.814109412891182	0.708787324923233	0.390460288493122	0.42269389397445
1	1018021	1018021	1018021	1018021	0	1	0.830876004840991	0	0.212243527159317	0.0825878638466757	0.571350696632585	0.55948988324479	0.578600466270248	0.518046319246522	0.0183513838748496
1	1022223	1022223	1022223	1022223	0	2	0.917993844636879	0	0.86192543873969	0.497128472719009	0.0600447157401304	0.438487766737672	0.531676262159412	0.489203044340778	0.02085
1	1026913	1026913	1026913	1026913	0	5	1.83556306925109	0	0.991703169947472	0.0617434453076313	0.33801482565811	0.789842357104925	0.376689845055291	0.00550073652100064	0.02715
1	1032184	1032184	1032184	1032184	0	1	0.69764537633185	0	0.314586119098751	0.120603080905004	0.969928114342111	0.394051440816628	0.60117896816858	0.693220329682656	0.271278195488722
1	1033999	1033999	1033999	1033999	0	2	0.519215491676269	0	0.26143766759033	0.437106081512714	0.114411400324065	0.378168013999982	0.376851996824343	0.466554953935137	0.430530348860658
1	1034243	1034243	1034243	1034243	0	5	0.341195239324329	0	0.556854221242688	0.688451203194106	0.711137191541805	0.583561064121984	0.801569599768464	0.31381805324712	0.138565112540193
1	1036601	1036601	1036601	1036601	0	5	0.325208344700016	0	0.406989624595475	0.148828475756614	0.0992973733629912	0.926621229002589	0.148588109764582	0.0703846068670068	0.0224814740636892
1	1042070	1042070	1042070	1042070	0	5	0.463170146656833	0	0.149232015314519	0.280257723045817	0.169300652299405	0.230295865595841	0.136558490445672	0.0582758322847292	0.0261464199517297
1	1054091	1054091	1054091	1054091	0	1	0.885210844869251	0	0.967275913274636	0.0473587554552777	0.202632273084531	0.363589326709969	0.389090216386504	0.22862791783221	0.01645
1	1063492	1063492	1063492	1063492	0	5	0.371632203997139	0	0.510917774614096	0.876457793647379	0.440601029982382	0.484778658873739	0.222219307655591	0.20602090419396	0.0235
1	1065296	1065296	1065296	1065296	0	0	1.22430367354871	1.22430367354871	0.0137831028852794	0.0742318417461697	0.967635317753505	0.0959070060793315	0.974766072664278	0.231020580897201	0.31875
1	1067878	1067878	1067878	1067878	0	4	0.852054703187522	0	0.309048874181576	0.561662922007326	0.308121017215321	0.416388803010669	0.0434482674039364	0.11776571380684	0.0195124398073836
1	1069535	1069535	1069535	1069535	0	5	1.82303205375785	0	0.523771793700395	0.0504123811288566	0.144896025159116	0.332423207203241	0.212442237037074	0.00319307274036832	0.092
1	1069653	1069653	1069653	1069653	0	4	0.604044866286058	0	0.655778977464963	0.769729869533827	0.977315645512405	0.45989112010777	0.179882902711241	0.722827643722315	0.22925
1	1094485	1094485	1094485	1094485	0	4	0.363979943682451	0	0.562748160150683	0.633555398905901	0.455850049225734	0.760485961010134	0.274034127735076	0.751093930314436	0.381497090106361
1	1105721	1105721	1105721	1105721	0	5	0.320600006384955	0	0.978408048300525	0.594816638996571	0.678159475183712	0.478359419719949	0.946068483111137	0.324139402828154	0.06365
1	1108951	1108951	1108951	1108951	0	1	0.440200223313596	0	0.650073167567323	0.229463035326922	0.451323822163764	0.706874666873733	0.63228511424261	0.470230320016575	0.0219245434477222
1	1109104	1109104	1109104	1109104	0	0	0.736212190941281	0.736212190941281	0.142688941308524	0.808170755555908	0.777324769291934	0.79677555314815	0.302396158949381	0.771264505641192	0.0731056025796051
1	1109476	1109476	1109476	1109476	0	5	0.514948818214403	0	0.632544775559965	0.185104697239881	0.513128969493747	0.579295605178142	0.828104759070522	0.176991094750366	0.186704101072897
1	1110557	1110557	1110557	1110557	0	5	0.56333998417832	0	0.304557300006077	0.398221316589787	0.584785527227222	0.226150116904109	0.868126986377473	0.108838994191991	0.03265
1	1115187	1115187	1115187	1115187	0	0	0.164072237913637	0.164072237913637	0.299008588770445	0.609966746146665	0.436270553809793	0.340492190519389	0.822125142978046	0.300854210324229	0.012219652016494
1	1120536	1120536	1120536	1120536	0	0	0.769172609158323	0.769172609158323	0.100202193209839	0.588911230765602	0.184447469659817	0.644372423551095	0.581420974094316	0.65336979764255	0.0243
1	1121358	1121358	1121358	1121358	0	1	0.326166270842777	0	0.545310360836852	0.194897198253197	0.367532951076114	0.70337028552379	0.413020746016937	0.390320241458207	0.0989530903966178
1	1140271	1140271	1140271	1140271	0	5	0.384427091557788	0	0.746251236029217	0.896008934396017	0.334169767187766	0.372187519231624	0.402360661328217	0.166030708717874	0.01325
1	1146339	1146339	1146339	1146339	0	5	2.09647860823542	0	0.613454469668432	0.289406701785272	0.0543292492826	0.213194433538878	0.103099489760724	0.00170725051709761	0.04135
1	1151542	1151542	1151542	1151542	0	1	1.39621216228081	0	0.459451443121608	0.0184513207150037	0.143064209918018	0.340214069503028	0.459559224531735	0.855624251442632	0.0697662704009671
1	1165957	1165957	1165957	1165957	0	1	0.463501128944851	0	0.567308019468589	0.204052271763024	0.457267087204283	0.858714457034316	0.593256579139104	0.663890810950642	0.0104355716878403
1	1172907	1172907	1172907	1172907	0	0	0.560099625032383	0.560099625032383	0.180457644024212	0.837746750034516	0.389615901806939	0.66283473231659	0.48072685748187	0.655352421008988	0.0581
1	1181372	1181372	1181372	1181372	0	3	0.767488444051362	0	0.527375622770015	0.456069513891148	0.233240249037381	0.0842438289657958	0.493203945063733	0.567764225778165	0.11795
1	1182905	1182905	1182905	1182905	0	0	0.780813130459065	0.780813130459065	0.0797654990515491	0.983853481030392	0.78478449291499	0.451560961125505	0.0903996226092768	0.481535397149516	0.07725
1	1190206	1190206	1190206	1190206	0	0	0.698339869577508	0.698339869577508	0.0961424152600769	0.114543895501401	0.498626369364419	0.328401002835093	0.480015098207037	0.732238760799995	0.0143874072588731
1	1191651	1191651	1191651	1191651	0	2	0.471432867057846	0	0.580495584939295	0.750598391058684	0.238145598484003	0.705140121521559	0.285653154774099	0.787328757741895	0.0222233370121401
1	1226063	1226063	1226063	1226063	0	0	0.489557004369122	0.489557004369122	0.18048007704287	0.557168136711808	0.734819543164795	0.764335727259058	0.299399831419713	0.4605208782695	0.0159
1	1226512	1226512	1226512	1226512	0	2	1.06169204883368	0	0.774960996941571	0.683853939394068	0.0593295841371381	0.669700992325324	0.607911591895655	0.934960870896363	0.02445
1	1229680	1229680	1229680	1229680	0	2	0.239373309633472	0	0.819740028124098	0.707396780740701	0.472392324682844	0.709150100958153	0.889618980675419	0.826477802155246	0.03365
1	1231656	1231656	1231656	1231656	0	3	0.420413547702321	0	0.299676136496031	0.402944623195701	0.792971306621416	0.159474376748023	0.49665066212109	0.419859961132657	0.04072036018009
1	1269888	1269888	1269888	1269888	0	1	1.02614321867122	0	0.942296392207527	0.0818024591445538	0.673429260101831	0.780890895332329	0.868779527367377	0.982730205749821	0.0418376538884997
1	1305807	1305807	1305807	1305807	0	1	0.2434421690382	0	0.779276394879911	0.523569904148114	0.917100316898143	0.952205155884037	0.90547052553259	0.949350033697989	0.0102256699576869
1	1334475	1334475	1334475	1334475	0	4	0.284305033035607	0	0.289373374658813	0.430982964836869	0.370197645707956	0.497381120060662	0.223952065052001	0.64713760213519	0.03045
1	1369623	1369623	1369623	1369623	0	2	0.805142239669376	0	0.70544808739877	0.779775644011371	0.110489961101876	0.156700864480114	0.8616611091248	0.361483036256626	0.0122489959839358
