chr	start	end	actual_start	actual_end	signal	kappa	tau	W	P_KS	P_KS_k1	P_KS_k2	P_KS_k3	P_KS_k4	P_KS_k5	MAF
1	1391448	1391448	1391448	1391448	0	1	1.88601364910493	0	0.0483295228785659	0.0100666228513779	0.774278940418746	0.988317162179861	0.774278940418746	0.975732119041089	0.0104135224871717
1	1433138	1433138	1433138	1433138	0	4	1.05084536610073	0	0.712805940103241	0.236712613218624	0.629107201410315	0.111539592886444	0.0210560078479203	0.0636131441090113	0.0119107447984722
1	1454207	1454207	1454207	1454207	0	2	0.341966415523996	0	0.366137973776158	0.124166061793911	0.100214463814925	0.345130615738342	0.220240316603937	0.177013124449757	0.04795
1	1461041	1461041	1461041	1461041	0	5	0.300487161692284	0	0.414234833902506	0.56751603069645	0.725990421038148	0.328981852523237	0.661539841217715	0.284112912317664	0.0351125012612249
1	1470464	1470464	1470464	1470464	0	2	0.753196496543685	0	0.175313027565499	0.712883349531553	0.125840946080955	0.810168276587462	0.58031807567402	0.75625345707141	0.0222043604943233
1	1481348	1481348	1481348	1481348	0	1	1.2111525152532	0	0.204612571656246	0.041227414199716	0.969551142813181	0.577085721972991	0.670407110349011	0.981467448535413	0.269944528492184
1	1492438	1492438	1492438	1492438	0	2	0.412761088119045	0	0.204942034357743	0.0528351596169879	0.0458999549344744	0.587743967033401	0.100507761607744	0.118733521113781	0.0168
1	1494355	1494355	1494355	1494355	0	4	0.363991670484602	0	0.602338408186404	0.67000129926146	0.54828063509442	0.271099964899532	0.260524689168223	0.832877047111305	0.0144
1	1496641	1496641	1496641	1496641	0	3	0.4085461270773	0	0.704951935668237	0.612081990455545	0.991768318776346	0.275177791172779	0.906572157841031	0.550815754711511	0.0121754880257597
1	1500925	1500925	1500925	1500925	0	4	0.766641125562343	0	0.493279788512687	0.240601008433982	0.342247080383161	0.136379409027828	0.0411771531547725	0.127641714075419	0.0119
1	1520752	1520752	1520752	1520752	0	3	2.920707954677	0	0.771585144148099	0.829109568349377	0.0733369167311137	0.000664909747663383	0.55395011196744	0.451712378130084	0.11226026709509
1	1525437	1525437	1525437	1525437	0	0	0.549318709608724	0.549318709608724	0.0688767179564941	0.162883672360938	0.798307186831097	0.890002498695255	0.244000745914891	0.155786013592814	0.02095
1	1534710	1534710	1534710	1534710	0	3	0.313496314499357	0	0.63393310936711	0.575091927273528	0.853960471644135	0.372427696361945	0.766546112046073	0.826808613971311	0.0266566265060241
1	1537437	1537437	1537437	1537437	0	5	0.671779113812968	0	0.934346501846244	0.740104901382284	0.749005962261512	0.726283945443665	0.474573976414719	0.157584742553045	0.21165
1	1549720	1549720	1549720	1549720	0	2	0.91475474184917	0	0.267095512523179	0.725711811026062	0.0325021319911035	0.843410230350581	0.0339835706004436	0.261310246096742	0.1365
1	1584593	1584593	1584593	1584593	0	3	0.349674559473741	0	0.506681383637662	0.698424016446177	0.807837898474759	0.312208415657629	0.761824352835327	0.336440529451033	0.280776562656767
1	1611995	1611995	1611995	1611995	0	5	1.47898718029804	0	0.723992591932994	0.513038801238109	0.504534911033623	0.563354801415854	0.959969769241465	0.0186979855500494	0.449728534084054
1	1619767	1619767	1619767	1619767	0	5	1.17436098220407	0	0.558722861028062	0.831501344165115	0.0510561894732	0.226346824988081	0.134950989459788	0.0151500276246745	0.2013
1	1670415	1670415	1670415	1670415	0	3	0.198429156115834	0	0.408099206930635	0.881370719294589	0.628143043964054	0.397767594239158	0.988816132856167	0.55787448131798	0.01205
1	1686081	1686081	1686081	1686081	0	0	0.35365048509154	0.35365048509154	0.337726125138143	0.73689730363087	0.840948061288004	0.762456624890269	0.872850831080554	0.380432706905322	0.02485
1	1686943	1686943	1686943	1686943	0	3	0.304372194090822	0	0.674465885022415	0.64479835506792	0.952494681683497	0.334647660742356	0.799103597155096	0.638009486483938	0.48315
1	1687791	1687791	1687791	1687791	0	4	1.08107445493571	0	0.742949285369974	0.541708681009614	0.762007211709277	0.992848118231649	0.0616431345363608	0.565484975450725	0.0496
1	1691840	1691840	1691840	1691840	0	0	0.424783364674926	0.424783364674926	0.299733704540077	0.79711126369696	0.958313235803896	0.720473029126729	0.448457396237586	0.880553782319658	0.10665
1	1695742	1695742	1695742	1695742	0	4	0.348630889805816	0	0.593377181657834	0.514338782095992	0.771767083915112	0.826147229514438	0.345824184941429	0.977637478166391	0.0807769929364278
1	1699201	1699201	1699201	1699201	0	2	0.501213475646494	0	0.584859200265579	0.979345955069346	0.217509992373664	0.689751555908955	0.753018640899646	0.463529257878036	0.277191925278698
1	1706735	1706735	1706735	1706735	0	3	0.363948960246129	0	0.288681273072707	0.61517018033363	0.680285826781673	0.134483302117603	0.310897567813667	0.187957819233754	0.167000801924619
1	1709119	1709119	1709119	1709119	0	5	0.875773002589609	0	0.430406681173537	0.653743831232092	0.756656587753331	0.314148578262061	0.550987868710047	0.0733447502974588	0.0729
1	1719079	1719079	1719079	1719079	0	1	0.819071644891921	0	0.916269475454143	0.0806568222848215	0.302753199545605	0.839098935926528	0.531756433039699	0.317108845123726	0.0264219443323921
1	1721556	1721556	1721556	1721556	0	4	0.231679892727702	0	0.28109087580027	0.882398854329224	0.37421412161023	0.604169828031106	0.274844760168117	0.468562312514163	0.0112
1	1738371	1738371	1738371	1738371	0	4	1.6830988589208	0	0.471381966640164	0.119399996804235	0.555099561417753	0.917186052653632	0.011515214316191	0.61228586313234	0.13210972166196
1	1738973	1738973	1738973	1738973	0	3	0.202239868558573	0	0.449818905876768	0.559101970790575	0.534056504149463	0.335233444980131	0.358338028359247	0.953148383151873	0.0161
1	1749412	1749412	1749412	1749412	0	4	0.329003357936192	0	0.272762626207843	0.646252598183082	0.559629216291603	0.925684512459018	0.262359637081777	0.541982920915123	0.0205
1	1766856	1766856	1766856	1766856	0	4	0.134444793506908	0	0.713484988258819	0.604916420222462	0.62942433664246	0.457894375883033	0.443864671802264	0.599345313027519	0.02365
1	1772488	1772488	1772488	1772488	0	4	0.316500198263908	0	0.520229575141181	0.980168978550075	0.259696268826891	0.365095312158536	0.176159495702057	0.301468734413696	0.0355386005421142
1	1882287	1882287	1882287	1882287	0	4	0.621995819048069	0	0.234784417827546	0.825138163904447	0.838051299573603	0.506027244292941	0.120830919571787	0.379610637989793	0.167133987582616
1	1886370	1886370	1886370	1886370	0	5	0.508841365480008	0	0.514249497510965	0.557009110554259	0.361088972726992	0.258320356445438	0.472489778217365	0.146403362688093	0.0274
1	1888193	1888193	1888193	1888193	0	2	0.63708244242784	0	0.167262170287424	0.860273540645062	0.0855908809562541	0.4489747583474	0.371116222421067	0.102067111201161	0.27875
1	1889356	1889356	1889356	1889356	0	1	1.27183472779275	0	0.917209497355591	0.0437981507449747	0.474972593081948	0.28746818429343	0.819012446577944	0.979808560330524	0.0266452970049083
1	1892048	1892048	1892048	1892048	0	2	0.405645705243627	0	0.342027346196374	0.470558433437596	0.184913175210317	0.705128583503588	0.973457951628984	0.454120858431747	0.41595
1	1895177	1895177	1895177	1895177	0	5	0.64366337556092	0	0.60100581164784	0.363457908391852	0.729518926139852	0.675054427854079	0.392505940319082	0.136525977923963	0.254572864321608
1	1900186	1900186	1900186	1900186	0	2	0.9165962808873	0	0.617490887289646	0.525128837166274	0.0748228543912587	0.180258318669878	0.921312096691017	0.920251952971578	0.1982
1	1900232	1900232	1900232	1900232	0	2	1.34888317294056	0	0.883573966374958	0.484112363844749	0.0345225992167186	0.770879788873536	0.84286429549594	0.542208175682027	0.44585
1	1905790	1905790	1905790	1905790	0	4	0.518681611732555	0	0.979249087293209	0.461582033587914	0.961389190684883	0.729663790104758	0.221024889945868	0.310067839261527	0.2431
1	1912181	1912181	1912181	1912181	0	5	1.53457524498471	0	0.994566376168053	0.296983707661836	0.0575177128293291	0.569593046280201	0.279483264603053	0.00867276102796006	0.08535
1	1914124	1914124	1914124	1914124	0	4	0.508994213569913	0	0.953188917520707	0.468598336599609	0.799281657289563	0.804566168773124	0.249211198270462	0.83350187404626	0.0393863179074447
1	1930391	1930391	1930391	1930391	0	4	0.271761719563627	0	0.553841595678523	0.71932916740516	0.913734090294875	0.808187804626427	0.38473876882158	0.544404614490918	0.295068795822035
1	1933267	1933267	1933267	1933267	0	3	1.0698122809433	0	0.654825835363561	0.0832042289125336	0.491517425272456	0.0418530043047006	0.90320475035095	0.102410527581343	0.03275
1	1939826	1939826	1939826	1939826	0	2	0.52263209704621	0	0.304749917420681	0.89977510993155	0.215472063432207	0.433292420201463	0.717832418130618	0.737741352014212	0.155888564819471
1	1941658	1941658	1941658	1941658	0	4	0.286914285957082	0	0.535665363023349	0.885878200168458	0.938577298537968	0.878757086799653	0.453894117700641	0.84212765851733	0.304378318805731
1	1951827	1951827	1951827	1951827	0	4	1.15835051098383	0	0.0689563352236762	0.324679738244296	0.233958131683493	0.629679428649285	0.0225478260749582	0.969383710420562	0.170479630744531
1	1960388	1960388	1960388	1960388	0	5	0.143081001618939	0	0.563949543207201	0.82651570352092	0.654279850892791	0.56046115102396	0.901223739519507	0.470633182603337	0.0321866827600081
1	1966244	1966244	1966244	1966244	0	1	0.425656723065054	0	0.830659825237952	0.289902681088646	0.744900216232226	0.505767606947795	0.772518618013227	0.880857520993987	0.0577541181197268
1	1966659	1966659	1966659	1966659	0	4	1.27767877027219	0	0.369829495793249	0.112214521800124	0.788244278197571	0.459382702012704	0.0195129429649526	0.369251255260501	0.02035
1	1967014	1967014	1967014	1967014	0	0	1.46575154079195	1.46575154079195	0.0191273993695118	0.908725452379518	0.223981814084168	0.55899441214004	0.707586694333754	0.442064685345329	0.282670025188917
1	1979724	1979724	1979724	1979724	0	0	0.36697055094019	0.36697055094019	0.162575862854248	0.37846578077489	0.628924860756366	0.224666589716749	0.201126469777398	0.427407027562738	0.239563424202796
1	1980000	1980000	1980000	1980000	0	1	0.521650106768223	0	0.78434991260703	0.106737848910008	0.271273152782213	0.881662678946352	0.354787698323985	0.130064858410083	0.0121718137008349
1	1981118	1981118	1981118	1981118	0	5	0.483136018421772	0	0.235070617170215	0.299286346247441	0.657638586682933	0.935311205034804	0.344543631700681	0.113268254700186	0.0897924395868846
1	1983208	1983208	1983208	1983208	0	5	0.452173225000721	0	0.481957648135865	0.404161815718483	0.370252052691489	0.205758154612512	0.874407365960115	0.142686227247126	0.397996173597825
1	1986754	1986754	1986754	1986754	0	3	0.611212364232862	0	0.748138912169608	0.382621050284709	0.787250011981165	0.115597129085445	0.212622438522333	0.472236348953217	0.06085
1	1987762	1987762	1987762	1987762	0	2	0.460396414655574	0	0.262414507187364	0.957107044314092	0.253747065067401	0.475347811747991	0.732482818985389	0.768826814974087	0.145751436347143
1	1994110	1994110	1994110	1994110	0	0	0.281156403583783	0.281156403583783	0.11502839298497	0.589113402904704	0.142467199739832	0.304866586098725	0.193791529841925	0.219766481986207	0.037124248496994
1	1998878	1998878	1998878	1998878	0	2	0.245775525682835	0	0.67558757252695	0.597616463552042	0.383624315400379	0.822319538634197	0.804403891003764	0.615645973522909	0.0204554615074567
1	2000288	2000288	2000288	2000288	0	4	0.620872330351982	0	0.941202990194397	0.351840943967726	0.732371846677067	0.893874327002278	0.20743196192973	0.866458976487384	0.013222478212962
1	2008959	2008959	2008959	2008959	0	0	0.481043103334218	0.481043103334218	0.231620805282712	0.907882895089897	0.701165712346894	0.614097146343589	0.488422558127399	0.952819629641899	0.013
1	2009294	2009294	2009294	2009294	0	5	1.1399817512504	0	0.685049118438538	0.714048030318653	0.420060701140293	0.298955524889925	0.770822597233993	0.0496295069347224	0.0153
1	2027859	2027859	2027859	2027859	0	3	0.769892329536394	0	0.919127282631965	0.915939055504743	0.188387599508656	0.113313308718527	0.667072827594967	0.569084363045806	0.0135257898455637
1	2028557	2028557	2028557	2028557	0	1	1.07375624791085	0	0.85417694669081	0.0627009275318853	0.988191262354224	0.743070830543748	0.428982379256029	0.622532973831792	0.0203252032520325
1	2034953	2034953	2034953	2034953	0	3	0.379509446951417	0	0.661872001958338	0.956578353528282	0.309588596914074	0.276226005606206	0.412833225147458	0.693542746295455	0.0101824780723863
1	2036597	2036597	2036597	2036597	0	1	1.12778770046886	0	0.343248756381129	0.0526067648122384	0.743898233859718	0.0830154141597097	0.706039981728762	0.876927935330535	0.122053956473774
1	2037028	2037028	2037028	2037028	0	0	0.622459644784052	0.622459644784052	0.183207947411483	0.768075573603741	0.760734300962296	0.245050071856315	0.995191994545664	0.962163861736887	0.0102901315129003
1	2038732	2038732	2038732	2038732	0	3	1.15297205459668	0	0.182312201028505	0.709012886424815	0.157743043024458	0.0412587231575535	0.586796937026022	0.99840743655963	0.2742
1	2045941	2045941	2045941	2045941	0	2	0.440169398661257	0	0.53168552688674	0.985874556589204	0.332077041208529	0.964810077470881	0.914972938637963	0.804039646070913	0.0109873570138471
1	2055826	2055826	2055826	2055826	0	5	1.32545521692382	0	0.868452969662128	0.990682485795512	0.907095424466528	0.293072895563032	0.261712702077801	0.0410479136117626	0.0327069935691318
1	2057925	2057925	2057925	2057925	0	5	0.731689424170312	0	0.570284038086054	0.360253035094009	0.186397106019053	0.698876879381089	0.694523686909427	0.10577956870515	0.0135080847644873
1	2060058	2060058	2060058	2060058	0	5	1.67262382297417	0	0.942004015621423	0.795985057051396	0.435026081758961	0.946068483111137	0.108841751229829	0.0169153540333014	0.2303
1	2065579	2065579	2065579	2065579	0	1	0.48934782533802	0	0.4431164471715	0.156942277744847	0.545490838924717	0.920506108395682	0.484270235145471	0.380636233452827	0.0429330925870198
1	2066990	2066990	2066990	2066990	0	0	0.314991100026135	0.314991100026135	0.298467472717326	0.304181878130036	0.925590174157015	0.616436162582145	0.554663501911405	0.788407483434799	0.0207978350205473
1	2067708	2067708	2067708	2067708	0	3	0.755254206901512	0	0.195933339352651	0.39569253172714	0.979225031916676	0.0624556936177605	0.182882542359987	0.355489062224528	0.042
1	2073742	2073742	2073742	2073742	0	3	0.192440009655809	0	0.389061919263374	0.432406002298446	0.463092127879244	0.277620610028674	0.29770350048385	0.469693358727329	0.0157062825130052
1	2076055	2076055	2076055	2076055	0	1	0.402147797820313	0	0.226001271905006	0.212420321546864	0.903018676040044	0.533567147821922	0.692235216811674	0.536221051230267	0.07585
1	2082868	2082868	2082868	2082868	0	4	0.586959704619357	0	0.169870823786227	0.438043287953616	0.233223932104613	0.98151499676123	0.113385449343417	0.518967661013078	0.0114815187833619
1	2091762	2091762	2091762	2091762	0	0	1.03707118172203	1.03707118172203	0.0774128866594661	0.772548304504344	0.995555484739389	0.89249034656444	0.178254465284552	0.843110395085444	0.0208
1	2104908	2104908	2104908	2104908	0	4	0.864053114931554	0	0.944822310153059	0.422934970220635	0.662422012139562	0.812239227988181	0.111078714599109	0.964879884478178	0.0103
1	2114271	2114271	2114271	2114271	0	5	1.30303238154753	0	0.967911038798455	0.415438281666078	0.956199413062597	0.830202810274431	0.691110498214901	0.0413191917465183	0.0493
1	2122961	2122961	2122961	2122961	0	0	0.519778589603963	0.519778589603963	0.168526574491166	0.770113479626253	0.678298588147034	0.539078354990782	0.557759508735699	0.516644750261132	0.0221194450030163
1	2128225	2128225	2128225	2128225	0	5	0.485715841312796	0	0.498715557011099	0.256101608545243	0.202242023352584	0.475170505935607	0.570165604077232	0.155286476085848	0.0202879581151832
1	2149682	2149682	2149682	2149682	0	3	0.948525255763167	0	0.427415217816683	0.9231925373462	0.479485984716786	0.0539822101540153	0.839843622993706	0.410968368124861	0.0469490670700959
1	2155210	2155210	2155210	2155210	0	3	0.465958175064479	0	0.937365822239743	0.673681416627147	0.716491551924501	0.245048979914507	0.542051539471772	0.98333958521329	0.0204554615074567
1	2160390	2160390	2160390	2160390	0	2	0.306381601492964	0	0.424273332269486	0.512289051530233	0.209538646129178	0.513355328220468	0.410768496825731	0.422190418211438	0.0718159903575733
1	2160661	2160661	2160661	2160661	0	5	1.65308598573584	0	0.643711987780538	0.0664058191334635	0.239861305126936	0.869007290543659	0.754294488962912	0.014308879003741	0.0131008767509826
1	2161490	2161490	2161490	2161490	0	2	0.318135398146939	0	0.363785764446773	0.347695794957522	0.195751679358947	0.407231059967617	0.742221203477094	0.924015621180863	0.160597195601735
1	2164935	2164935	2164935	2164935	0	4	0.585877853426158	0	0.188217854038988	0.427004582134102	0.614352551523461	0.876671906554055	0.159418901743295	0.785144542192209	0.49369896158887
1	2168359	2168359	2168359	2168359	0	1	0.251767049653875	0	0.757934802392587	0.424487395965754	0.570091843278019	0.992769617451223	0.883536082656944	0.665964011951086	0.0563
1	2169829	2169829	2169829	2169829	0	0	0.495608869894267	0.495608869894267	0.158177179125326	0.495168142835537	0.814313739286276	0.733863916592325	0.427202821875656	0.446515023668824	0.0173663545756569
1	2180528	2180528	2180528	2180528	0	0	0.513689444058285	0.513689444058285	0.179336548795354	0.242177430669795	0.250059511971069	0.617656631851876	0.896410180026737	0.585272679675526	0.0170311397762773
1	2188566	2188566	2188566	2188566	0	4	1.24525572081046	0	0.943401026262256	0.513305820578233	0.337394372790075	0.272463927396928	0.0191814800368719	0.159503418199533	0.0112929130696647
1	2188679	2188679	2188679	2188679	0	0	1.4440223059433	1.4440223059433	0.0333815827752102	0.927959945425941	0.461032859634284	0.745561152852934	0.996027494046774	0.934231742982376	0.0105
