chr	start	end	actual_start	actual_end	signal	kappa	tau	W	P_KS	P_KS_k1	P_KS_k2	P_KS_k3	P_KS_k4	P_KS_k5	burden_MAF<0.01&MAC>25&Beta	dispersion_MAF<0.01&MAC>25&Beta	singleCauchy
1	1378216	1383216	1378216	1381253	0	2	1.6048877252274	0	0.293769170194501	0.866180788395482	0.0215139830320956	0.903852302804825	0.398435440270671	0.972673118203374	0.451094529296666	0.267872912257059	0.218273575479336
1	1378216	1388216	1378216	1384038	0	2	1.03005672032859	0	0.364563751388353	0.867959485547054	0.0340186256520441	0.943001000828485	0.249776278191844	0.170590821356675	0.378878000918713	0.400933628571771	0.319276200480087
1	1380716	1385716	1381253	1384038	0	5	1.5177971237246	0	0.908948623046368	0.863591025096413	0.981514001154881	0.837586219194342	0.639568851439427	0.0262126540945635	0.961286984878714	0.813903471948063	0.649485345038241
1	1383216	1393216	1384038	1391374	0	5	0.599676300949832	0	0.604149050139011	0.399726967657176	0.822966035902555	0.460622177487209	0.204318894077741	0.115789330566668	0.43929176296239	0.737713594565804	0.588554570616844
1	1388216	1398216	1391374	1393546	0	0	0.70057944413896	0.70057944413896	0.0695557449724042	0.349069939395094	0.754661598914808	0.348612135579472	0.112923554528364	0.633002043015678	0.0580068829412785	0.114067589313222	0.0581475545113006
1	1393216	1403216	1393546	1401764	0	0	1.39430073103506	1.39430073103506	0.00940485571314342	0.189554008761806	0.966459110570258	0.828230677047846	0.098135790879526	0.233159367294334	0.00428044208672858	0.0164761968358864	0.0403580614216755
1	1398216	1408216	1401764	1403788	0	1	0.401853913330071	0	0.289617668070241	0.238812685996449	0.98258908573297	0.973636124551556	0.378085152866603	0.602436541460412	0.299452479838033	0.274279174842417	0.296057957338302
1	1403216	1413216	1403788	1411863	0	2	0.723483486746624	0	0.501985493904718	0.970093957032981	0.183370856075096	0.971036946870969	0.974810821331737	0.968538025210362	0.309433891682504	0.574545266150496	0.637851791421172
1	1408216	1413216	1408445	1411863	0	2	0.822588702274861	0	0.21635438403742	0.897114602582952	0.124585147287832	0.663841013735677	0.935342136176053	0.828046969829925	0.165174475281062	0.251801594309496	0.254448576375682
1	1413216	1423216	1420466	1422634	0	3	1.17595791213871	0	0.603525763860601	0.128686343082443	0.332960037467164	0.0402474066963982	0.970513435639196	0.953454291584359	0.592368180427346	0.579084323211237	0.637058705038408
1	1418216	1428216	1420466	1426237	0	3	1.99437161930423	0	0.176319107884856	0.799276837780869	0.811334511131225	0.00809702739120977	0.838821958786788	0.476308510225086	0.182979767333365	0.154043573882664	0.196977188619285
1	1420716	1425716	1422634	1424527	0	3	1.56937561764787	0	0.227211534258277	0.962479736668309	0.444260865783026	0.0119746393142033	0.542502822472723	0.170621400557419	0.168359224594374	0.222173294387079	0.337402674635216
1	1423216	1428216	1424527	1426237	0	0	1.19306271982598	1.19306271982598	0.0386721268856293	0.824407997903073	0.807602970085216	0.0587794023534933	0.603199229118467	0.105301292318949	0.0192929906633539	0.0650494716085439	0.0945277529528564
1	1423216	1433216	1424527	1430559	0	5	0.933681224633929	0	0.141405076305365	0.858263116400668	0.94938105443795	0.116523693479787	0.706231583421942	0.0822746249313471	0.0974093405428979	0.180921505844919	0.1803302878287
1	1425716	1430716	1426237	1430559	0	0	0.556539634860776	0.556539634860776	0.269017856026302	0.976063610847094	0.968993228340391	0.942143997751255	0.970804607150684	0.846651669268824	0.32691141542595	0.267875280889625	0.226027040288087
1	1543216	1553216	1547177	1552870	0	2	0.515496876443039	0	0.806114231291799	0.978349508616993	0.296172693569722	0.967849576535774	0.975288380299373	0.970603586016415	0.879268097910081	0.792818436312508	0.64209053565363
1	1588216	1598216	1594961	1597403	0	4	0.705943365239685	0	0.97308800218949	0.608368147099674	0.850682573045736	0.545491280568398	0.119735546835333	0.566264251872754	0.879553928974005	0.989566734464508	0.87363432788193
1	1633216	1643216	1636309	1642158	0	0	0.562120194575848	0.562120194575848	0.108934306904424	0.138175402667591	0.23683910104071	0.973884176340625	0.397452166931546	0.87947674272662	0.0633539601395412	0.174050903944132	0.159884312116463
1	1658216	1668216	1660667	1668113	0	3	1.67122606632523	0	0.902797731219385	0.971348620670828	0.977049834765652	0.020693684126593	0.970652733576714	0.969507671023066	0.684549892088118	0.835667459067597	0.955462138672214
1	1673216	1683216	1674201	1680521	0	0	0.0867007556751542	0.0867007556751542	0.795412178194829	0.971718309043934	0.970941623901501	0.972519797428253	0.97116493128158	0.970387341749165	0.768487233945682	0.841075677597292	0.757657098939921
1	1678216	1688216	1680521	1688096	0	1	1.14166693667679	0	0.951755043812289	0.0686844223910499	0.975551424809755	0.856686314190674	0.908112006283037	0.977480713138549	0.917362682569889	0.976626023675672	0.868584260054199
1	1683216	1688216	1685412	1688096	0	1	1.36521375371595	0	0.97400760340613	0.0420096045510519	0.97518942522749	0.771158939711482	0.971560250402779	0.979541615729312	0.846391130852767	1	0.895234596388793
1	1683216	1693216	1685412	1691375	0	2	2.8007497091821	0	0.0467953686559912	0.189201222613002	0.000114645316088735	0.0724612839727932	0.0796726334284887	0.0104494822868866	0.148069109228538	0.261955000172803	0.0183373922254023
1	1685216	1686216	1685412	1685887	0	1	5.10991418601955	0	0.983363579406209	0.00000712218577736401	0.91733398588294	0.60931026587326	0.72820429918824	0.981436983580196	0.985497967777729	0.990889509728697	0.913595393587782
1	1685716	1690716	1685887	1690551	0	2	3.53024123636601	0	0.690049107037422	0.911590489615797	0.000196821400300751	0.521212170112181	0.667288366866575	0.154335331441366	0.482448848905248	0.811140805518388	0.674770555166419
1	1687716	1688716	1688096	1688550	0	1	0.0471506403457406	0	0.887626309684208	0.86972280869539	0.984602308012077	0.969463583441769	0.971882031352423	0.96727444129958	0.735259232876581	0.94513581417068	0.811469985782845
1	1688216	1689216	1688550	1689082	0	2	4.68632806839644	0	0.557044292517624	0.867776944215459	0.00000999954488367649	0.0543840938898308	0.485633125249815	0.0142647390216819	0.427456015338704	0.649028460117913	0.583855025531155
1	1688216	1693216	1688550	1691375	0	2	3.10428056671268	0	0.0318063532735942	0.435895091979188	0.0000250168895785663	0.0253217262272304	0.0327987787010244	0.00204183281648462	0.121470508143249	0.121481753048071	0.012756463027098
1	1688716	1689716	1689082	1689225	0	2	4.80129407483023	0	0.68058751199303	0.797301646802544	0.0000107544920087133	0.0432573921636079	0.85340194940065	0.0192823034313681	0.513251801337552	0.698896213768741	0.771996289953331
1	1689716	1690716	1690341	1690551	0	4	0.661679640597162	0	0.328257704386237	0.783248352882268	0.116186111612154	0.977531613520952	0.113783035794019	0.522104164593719	0.871894093964518	0.140299520538353	0.145969170069898
1	1690216	1691216	1690341	1690911	0	5	1.51607008248134	0	0.00385497113221112	0.284386460129722	0.144062541083824	0.0137736767986048	0.000650626551434552	0.000419739465841174	0.0397259025186851	0.00192395646388421	0.00428459335979392
1	1690716	1691716	1690911	1691375	0	5	1.54700569056601	0	0.00779106138967434	0.205012991772777	0.133320065367253	0.00536623132406078	0.00036263290220151	0.000221101116585465	0.0600199573532843	0.00624994598145867	0.00479497848681487
1	1691216	1692216	1691284	1691375	0	3	0.48812690083542	0	0.977833955099277	0.197055726519946	0.373336316729879	0.121331435999163	0.530599863236788	0.352058260035752	0.797488435835931	1	0.967751625094026
1	1693216	1703216	1699938	1701544	0	1	1.28149794191622	0	0.974586622293606	0.0250996220134755	0.276659914047805	0.121659077669749	0.479915882886804	0.758304666592214	0.876161467072984	0.996057726866894	0.904601396703461
1	1698216	1708216	1699938	1705819	0	1	2.7455915663196	0	0.780231168150624	0.00132794729294417	0.0888938571701889	0.176061054407158	0.73921778015354	0.8577859644299	0.477296832935926	0.852951252513089	0.830317144865198
1	1700716	1705716	1701544	1703348	0	1	2.09943695343259	0	0.977229699593864	0.00539429996520702	0.678222270443997	0.109112612330172	0.465389077070513	0.960280443019074	0.950903875268781	1	0.914062289346604
1	1703216	1708216	1703348	1705819	0	1	1.7940441572125	0	0.624527517201995	0.00842846548173359	0.0609266940451945	0.119029102429544	0.524556979289441	0.869930446974781	0.453426623211228	0.637424482739315	0.737445983561736
1	1703216	1713216	1703348	1711181	0	1	1.58137122313635	0	0.636238880998323	0.0166820332501199	0.0659924168584478	0.200845720051821	0.766668579743485	0.828339263706169	0.528972933674202	0.705116070223617	0.654127504298241
1	1705216	1706216	1705731	1705819	0	1	1.79860732367016	0	0.556036533457647	0.00720217108582322	0.0728325897610873	0.100113547293258	0.452971374210718	0.905322562432262	0.46056064035751	0.534706791190434	0.659748905610227
1	1708216	1713216	1710979	1711181	0	2	1.26657900981725	0	0.962011764279072	0.971283775433503	0.0525735283204417	0.878017603320398	0.976640946878813	0.971992842364069	0.987390337951855	0.518496429529728	0.415984772220781
1	1713216	1723216	1720670	1722884	0	1	3.63352742093908	0	0.67986086148861	0.00000326197908051551	0.0140284145934574	0.00690078457672372	0.0107915739467201	0.761146820217722	0.896672035396201	0.398407387525309	0.297393963371509
1	1718216	1728216	1720670	1726506	0	1	6.56481258583115	0	0.911317562005929	0.00000000273368816472441	0.000100093133614143	0.0100360209301533	0.00618836444554993	0.115785390756002	0.97121973938155	0.497792790456235	0.34362744985511
1	1720716	1725716	1722873	1724017	0	1	4.84974540943198	0	0.799503743922989	0.000000126067698724697	0.000149878912679036	0.00891967919035275	0.00385714283483751	0.830360921928519	0.762863046901801	0.714034661007684	0.866092694226447
1	1722216	1723216	1722873	1722884	0	1	3.62274542013526	0	0.791895515105141	0.00000281354998232786	0.011803207847916	0.00590129146941665	0.00901596000228233	0.791999197892473	0.492210495976225	0.658121554047917	0.908893325813631
1	1723216	1728216	1724017	1726506	0	1	3.79269467626588	0	0.626907246988912	0.0000527647762718075	0.000404174277243374	0.947394956492398	0.327369923783786	0.00644549110681492	0.811970109126009	0.500430645240814	0.428395232017405
1	1723216	1733216	1724017	1732756	0	1	3.63036508428928	0	0.904444322472893	0.0000994260116728984	0.000854251968795294	0.913745981483528	0.424487692546178	0.0140761866830585	0.95353209270357	0.733357467058218	0.851745651788696
1	1728216	1733216	1732527	1732756	0	3	0.272314292782327	0	0.863484041841261	0.553943564669313	0.971914517031529	0.461253869952345	0.751825562766974	0.969309384344248	0.687811471871807	0.82937338312376	0.925730925952718
1	1728216	1738216	1732527	1736733	0	4	0.700823415156933	0	0.747228615246514	0.860818140842336	0.857854498244883	0.535306002159156	0.164855141527483	0.827800933266089	0.44012362489314	0.664504606284351	0.881891867696454
1	1748216	1758216	1753363	1757825	0	0	0.279463794470253	0.279463794470253	0.411120542951533	0.920542089375865	0.499703654827849	0.449822991859485	0.895371479792158	0.782407442072105	0.365498552535437	0.466911882662066	0.405424353315608
1	1750716	1755716	1753363	1753364	0	5	0.402281811947	0	0.589122831554371	0.758249127508645	0.970640467737923	0.971502856106919	0.969839697243252	0.384076861953221	0.797997301536509	0.449381289095712	0.397012842357982
1	1753216	1763216	1753363	1759732	0	2	1.00345726568878	0	0.506671205732796	0.969217671734867	0.0887430349307303	0.500736545313785	0.942746320889745	0.894523064179145	0.601281000167679	0.50921491109666	0.408557231848069
1	1755716	1760716	1757681	1759732	0	2	1.18924113580022	0	0.48261865092327	0.972078707928025	0.0477128474983158	0.243807756589281	0.812984870163481	0.737694374760086	0.615198381747353	0.414962311132729	0.416395351981001
1	1757216	1758216	1757681	1757825	0	3	0.660853908617892	0	0.302411384039	0.972702574444063	0.283558199241163	0.153300990865642	0.797752242630339	0.702099834330004	0.214595387866733	0.324123040550123	0.413974185099011
1	1773216	1783216	1777006	1782193	0	3	37.5428117369614	0	0.203031513236261	0.00000844447559900097	0.000000000000000000000000210632500550209	0.000000000000000000000000000000000000000000241969678888416	0.00000000000000466293670342566	0.0000636577542163508	0.157567957465254	0.33602996272545	0.175245725213888
1	1775716	1780716	1777006	1778842	0	3	57.4346074638732	0	0.105826923258439	0.000000000619380768895894	0.000000000000000000000000000000000000000799544274432331	0.000000000000000000000000000000000000000000000000000000000000000000227693300803163	0.0000000000000000000000130399946973504	0.0000000383106202317407	0.11718048096956	0.13788940717571	0.0792385905291291
1	1778216	1779216	1778784	1778842	0	1	4.95350293399528	0	0.0136564082346248	0.00000272538530454725	0.121225661683817	0.244867328910451	0.797511518400072	0.930966722522301	0.00635506438588696	0.0233844126831767	0.0507893074824242
1	1778216	1783216	1778784	1782193	0	1	1.34323530198303	0	0.121687122625162	0.0275893959984963	0.303793571736984	0.711606296363202	0.608103488405229	0.864335475482057	0.075995956176354	0.226493567964198	0.136185623811336
1	1778216	1788216	1778784	1785791	0	1	1.18674357394832	0	0.20650126990701	0.0438782708137244	0.368933518209644	0.740885690159386	0.674517277134375	0.890601561334942	0.257261313219354	0.237959645702386	0.152670034286526
1	1780716	1785716	1781998	1782193	0	4	0.342852921927677	0	0.69282499819968	0.759227673783872	0.886421332214028	0.974808924765902	0.344761774820538	0.415183084176276	0.504262069781849	0.573910014140371	0.840670659238068
1	1783216	1793216	1785791	1791461	0	2	2.50650909582162	0	0.762984029322249	0.970537273582769	0.00302345231441237	0.97780160465833	0.961091405797055	0.977526605840796	0.910806349570826	0.514514996206065	0.417487324367538
1	1788216	1793216	1790749	1791461	0	2	2.66333282506025	0	0.473224354825644	0.927359969091941	0.00201333257313729	0.971862356517097	0.800765203904342	0.962010762322949	0.333815767638183	0.592660602722748	0.507245594014433
1	1788216	1798216	1790749	1797996	0	2	24.5439374402663	0	0.383995461008561	0.190770074465576	0.0000000000000000000000000545221293737599	0.0000729716822474025	0.000000000000000000527032539848916	0.922957344342158	0.155585675534454	0.711590516205315	0.484779031366963
1	1793216	1798216	1796894	1797996	0	2	30.2220339484236	0	0.438258767086821	0.0133363694600399	0.00000000000000000000000000000000799841013854627	0.000000302897842141547	0.00000000000000000000000090867025422948	0.851174857289116	0.298136146704035	0.582366548624542	0.462462970258861
1	1793216	1803216	1796894	1802878	0	2	34.4796288946634	0	0.332888699162262	0.00000234406939780829	0.00000000000000000000000000000000000000244425356306917	0.00015069605577589	0.00000000000000000591078599681306	0.0000737522291962556	0.778614507591497	0.24850795737514	0.152413634619878
1	1795716	1800716	1796894	1799054	0	2	31.1565544407139	0	0.850646611760788	0.0111100923562815	0.000000000000000000000000000000000774752931972626	0.000000575353680032364	0.000000000000000000000000227015746939176	0.812384936012332	0.962379386322008	0.277812838406174	0.172145621458991
1	1798216	1803216	1799054	1802878	0	2	15.6224750924098	0	0.151612794041764	0.0000161033266643518	0.0000000000000000000284745218978447	0.225698073471949	0.00011937998862932	0.000069832383044921	0.270878766061305	0.160930169378778	0.0983862892511473
1	1798216	1808216	1799054	1804459	0	2	16.1375611562196	0	0.206259647253666	0.0000104459512374477	0.00000000000000000000886252914240131	0.191695524809666	0.000121651882132978	0.0000783745011232462	0.393637032640838	0.196686486268612	0.135324534763434
1	1800716	1805716	1801681	1804459	0	2	15.6447239961569	0	0.602696231114122	0.0000114861482511941	0.0000000000000000000227618580483123	0.187597605219809	0.000100445782582836	0.0000652152375324455	0.899089142102238	0.308555508514543	0.201950560621756
1	1803216	1813216	1804459	1810826	0	1	0.68797138994228	0	0.0945452238625935	0.0838241759629623	0.408639818524021	0.592666927672441	0.5583473836055	0.317674625390602	0.0525913026104871	0.20072396479684	0.124070592384061
1	1808216	1813216	1810357	1810826	0	0	0.706414756564599	0.706414756564599	0.0744385838163516	0.378628114462456	0.287834653458895	0.97063150321692	0.969699360319084	0.163340531109075	0.0481856928937496	0.141053460162031	0.0792853007612961
1	1823216	1833216	1829540	1832956	0	1	0.985035664345535	0	0.467863845176017	0.046414974024791	0.448429088119475	0.0791676347916139	0.700492415036767	0.300976043598001	0.401424153975286	0.358622833302158	0.645522142785403
1	1830716	1835716	1832724	1832956	0	1	0.94921201985734	0	0.327100935102977	0.0367679795800703	0.973941132684995	0.161641336405184	0.521464071903785	0.29531269748015	0.264362680359153	0.251964454663534	0.528587972083482
1	1833216	1843216	1840113	1841045	0	2	0.159592872921218	0	0.754338679185294	0.970593285980014	0.671466579470814	0.969441369913223	0.969655074441325	0.970679513104285	0.582885535463796	0.81188259289491	0.794339591111043
1	1843216	1853216	1849151	1849999	0	4	0.118891769550311	0	0.789450135957136	0.973129844764434	0.970056521555825	0.971622329086567	0.737743293422423	0.873501635008406	0.510734790078039	0.683419283257118	0.902740010751973
1	1848216	1858216	1849151	1857427	0	1	0.314693697901399	0	0.684695801805909	0.470563184882984	0.975423221767511	0.971206643425922	0.97367557492585	0.970738377690185	0.457245646699921	0.72056110594649	0.787855875154862
1	1853216	1858216	1854861	1857427	0	1	0.563060908620114	0	0.581756419523203	0.265923112013503	0.978222969995841	0.879488742247728	0.976719352049228	0.972337405331781	0.719066108879629	0.487304367628448	0.501751651959245
1	1855716	1860716	1857306	1857427	0	1	1.01382689490565	0	0.328037491394282	0.0894425990084895	0.98270188088586	0.864227615555561	0.954149804124169	0.92336052796799	0.307785709734704	0.261573606086766	0.443424508702449
1	1863216	1873216	1867968	1872855	0	2	0.320194971061388	0	0.663465944664216	0.705098280107221	0.317412236113473	0.975814705090478	0.644811721367014	0.628315529532737	0.764034590666868	0.394889543461686	0.740582564594289
1	1865716	1870716	1867968	1869989	0	2	0.482373882828945	0	0.84733313798728	0.548644854560172	0.22709441630273	0.906006178071388	0.421030408461987	0.689573143607753	0.942545386179789	0.261854212297675	0.780943380676797
1	1868216	1873216	1869898	1872855	0	5	0.109469252526335	0	0.522730096402963	0.61289527361291	0.49484679076448	0.973981653333193	0.596548009737649	0.463634930587856	0.219390901795731	0.454483097589192	0.819664426658235
1	1868216	1878216	1869898	1877041	0	4	0.344054222860323	0	0.678779303141709	0.543028809803468	0.345803301857551	0.953972934410742	0.307379124156795	0.728007669971558	0.863232724369796	0.289343025097486	0.643581888555904
1	1869216	1870216	1869898	1869989	0	2	0.20812286739672	0	0.544038043864257	0.399143526834029	0.315974466168813	0.974737078405384	0.510240416241726	0.479116007972251	0.260086674656112	0.25967263666077	0.86931398297347
1	1870716	1875716	1872855	1873221	0	3	1.26473139500163	0	0.808010853458897	0.97193291288365	0.970443380692725	0.0527207892500451	0.969593678756896	0.96986949135904	0.927001290661409	0.566644498628464	0.455509167183591
1	1873216	1878216	1873221	1877041	0	4	0.449069419924887	0	0.147499285691545	0.33921945092696	0.161477922868785	0.218975636677338	0.0778621475141847	0.972325217910922	0.0960309081937065	0.174007816604491	0.22821713451335
1	1873216	1883216	1873221	1881904	0	4	0.22384351503469	0	0.426515811886002	0.480925909256895	0.511786340070396	0.399485645473976	0.287233215272517	0.961393250586292	0.238441932158448	0.347089297796183	0.731733868752404
1	1875716	1880716	1877041	1879601	0	2	0.588228812936764	0	0.356032295411994	0.152263393350339	0.0918883771208101	0.971016437110234	0.128588503150679	0.971182393136722	0.227398097410832	0.201838251155874	0.758562671493333
1	1878216	1883216	1879601	1881904	0	3	0.300300132465693	0	0.973833872309091	0.606593932503198	0.41958586456437	0.390456984528078	0.83531202404269	0.779602688970404	0.827607385381243	1	0.895303015587159
1	1883216	1893216	1890559	1892728	0	4	3.57839909066798	0	0.721583672733121	0.000101312179369928	0.0000030970239709438	0.00000308071272558941	0.000000000817608647452062	0.000000263409990708396	0.551760577910178	0.826459228737774	0.693164324075868
1	1888216	1898216	1890559	1897056	0	5	2.43239570162442	0	0.50480987607029	0.011885680332956	0.0120433771375323	0.00810391746822559	0.000100903504992145	0.0000439165630046201	0.727237525394025	0.524077256563417	0.267308174829805
1	1890716	1895716	1892728	1895522	0	5	2.42361386623357	0	0.700223157192111	0.246421005336979	0.0267387976404196	0.000670883437954184	0.0457733163529519	0.00017258319816027	0.536592784641061	0.802104442956213	0.688269273511225
1	1893216	1898216	1895522	1897056	0	5	1.31875946163159	0	0.757117462690627	0.279916536522423	0.901698774767402	0.676976823521002	0.260543880289945	0.0324948352277652	0.939557764918427	0.386249107716278	0.169888723821385
1	1893216	1903216	1895522	1902818	0	5	0.763299141530028	0	0.79381117890175	0.311792400230135	0.823932220119586	0.54898293097213	0.573279677966005	0.0988706536441678	0.876883559269885	0.713185525650069	0.698141270849624
1	1895216	1896216	1895522	1896114	0	5	1.73978268606391	0	0.271478879813336	0.876943745749755	0.975397125547456	0.895990248927192	0.371299120749224	0.0159657398705466	0.447364101510993	0.372446794475683	0.14571767249
1	1895716	1896716	1896008	1896114	0	5	1.99329405044689	0	0.203612135208047	0.951973304292381	0.957762322558368	0.868575894437711	0.309075417538307	0.00882091671890361	0.584737310689838	0.233209618671004	0.0966007346547169
1	1895716	1900716	1896008	1900225	0	5	1.04738095046643	0	0.738249202366932	0.222012053459849	0.689370510204777	0.312925277644589	0.362200658253786	0.0324764301342859	0.869000927212694	0.452469790018962	0.682485604526819
1	1898216	1903216	1900225	1902818	0	1	1.34620620804179	0	0.974042565056775	0.0371076530929726	0.294816918940035	0.284544783006502	0.974799714541036	0.823511552373592	0.742726260098287	0.996021241386469	0.920705261920918
1	1898216	1908216	1900225	1907555	0	2	4.73754309564332	0	0.977264859078175	0.000690678294303027	0.0000125347394646091	0.895539635919687	0.00810052864722999	0.68494927006671	0.999537658970154	0.953847672561552	0.905310151602434
1	1900716	1905716	1902688	1905526	0	1	0.12461968963009	0	0.971604310429464	0.725284368839378	0.966335662407827	0.971380319355492	0.952558509271104	0.81977323277749	0.997529598688114	0.789036865246859	0.631527519686756
1	1902216	1903216	1902688	1902818	0	1	0.436252479711378	0	0.875289381305958	0.356193687162282	0.951274724589393	0.972609926951213	0.973461361190771	0.976124300474452	0.640355153364945	0.944886116843876	0.761014218216119
1	1903216	1908216	1905367	1907555	0	2	8.41567897261567	0	0.793169931946515	0.00000226687876148102	0.000000000714143633118169	0.978243458544845	0.0000167434440985215	0.185979271092293	0.690343109384502	0.688807103221042	0.882830242986334
1	1903216	1913216	1905367	1910501	0	2	7.76562373342734	0	0.691509497789109	0.0000228844751548607	0.0000000118624505773823	0.974709856545758	0.000123042412235264	0.859307875139547	0.584610091232033	0.640815110392677	0.79289768274115
1	1904716	1905716	1905367	1905526	0	5	0.456995838918946	0	0.509753129570587	0.936253495657873	0.960347596981693	0.876995834208227	0.791992974284388	0.306197535967873	0.60440158258086	0.482983706121848	0.438754524678993
1	1905716	1910716	1907555	1910501	0	2	8.89422289036476	0	0.656342245641838	0.00000269563027233133	0.000000000837350855320551	0.937343937427141	0.0000172149872872396	0.881316515818583	0.250451661005861	0.587613856435115	0.87042735324895
1	1908216	1913216	1908383	1910501	0	3	0.59400963274742	0	0.264963274406804	0.777785449760522	0.772609835514331	0.196766245886121	0.304304180995257	0.980203540241764	0.168155966198891	0.375609460377252	0.326819711648581
1	1908216	1918216	1908383	1914441	0	3	0.547360583723498	0	0.425670244199449	0.887478559815237	0.878829101507348	0.249197594615144	0.420319824697813	0.977540406504707	0.442153084848156	0.469537340151354	0.369714145048079
1	1918216	1928216	1926311	1926791	0	4	3.86276272969845	0	0.107088173874722	0.0000127285102797803	0.0734066144089718	0.00262703404042919	0.000000360332114812678	0.00000976420752818452	0.396110458224137	0.0906759264795056	0.0650524740895269
1	1923216	1933216	1926311	1931842	0	4	3.37526237303739	0	0.186277795394187	0.0000848611088847262	0.287165836657833	0.00640650827223588	0.00000269997049473503	0.0000579074751745345	0.17712322799708	0.235408110055108	0.159666787617922
1	1925716	1930716	1926311	1930509	0	4	3.84160870129911	0	0.165727977029307	0.0000312968588924711	0.176777879089125	0.00571920731669739	0.000000823620482259813	0.0000214924471103606	0.363065915438816	0.160695453857409	0.103599109157088
1	1928216	1933216	1930509	1931842	0	3	0.273289198523537	0	0.529278111123623	0.906757583916151	0.595336895570183	0.317302577490795	0.930050659501089	0.530916436260007	0.287426745665084	0.731152874881353	0.555872545104739
1	1928216	1938216	1930509	1935241	0	3	0.513485086705539	0	0.3849662213894	0.930975993777297	0.790962236824529	0.24247706278464	0.970691801092758	0.701370209519249	0.163019341114832	0.677602066745569	0.506601810067786
1	1930716	1935716	1931333	1935241	0	3	0.769864072213713	0	0.323596988615838	0.849429646894842	0.543612600806571	0.13665017000333	0.97012131149968	0.80440405005505	0.166128934921437	0.53418752986491	0.429362392205119
1	1931216	1932216	1931333	1931842	0	3	0.473171394946356	0	0.418194386203327	0.764400701033672	0.325557065356683	0.188802432909151	0.831814619178081	0.561279242547897	0.290820169680531	0.530788274646668	0.463899668455435
1	1933216	1943216	1935241	1939781	0	3	1.2017231527904	0	0.565890173008501	0.964794317449267	0.081745297423073	0.0606333528393415	0.978642943475666	0.969218746502951	0.775292423065311	0.48391661134946	0.354348674487022
1	1935716	1940716	1938678	1939781	0	3	1.36191744132346	0	0.322397636859301	0.757506470317439	0.0571236711130574	0.0329206881975339	0.980309108288145	0.891737074100083	0.219963075175232	0.452879398497471	0.348844234024902
1	1938216	1948216	1938678	1945384	0	1	2.90971871328285	0	0.369558040377873	0.000000000122313603689861	0.0000000984172925377891	0.0000000993558573192388	0.0000000872666222617724	0.0000131651699252222	0.437344958198535	0.37674107338032	0.30647194111547
1	1940716	1945716	1944246	1945384	0	1	3.01570765595627	0	0.962336987064351	0.000000000123614229963209	0.0000000866085843043152	0.0000000708490518475102	0.000000128166971924415	0.00000580916313053237	0.988141409464348	0.289849776246849	0.281924668097428
1	1943216	1953216	1944246	1949596	0	1	1.77969334902538	0	0.391363022010154	0.0000000000919961884449094	0.00000000423368251567524	0.00000000387683174452036	0.00000000553940582292967	0.00000689506240136861	0.644701039228176	0.296700053485623	0.282945099936376
1	1944716	1945716	1945380	1945384	0	1	4.39194237267799	0	0.247288199371667	0.0000000000000000000000000245882193170579	0.000000000000000000000287020257879888	0.000000000000000000000388438869677572	0.000000000000000000000606274707656595	0.00000000000000954791801177635	0.169982363601877	0.327344315152229	0.293600414600717
1	1948216	1958216	1949596	1957112	0	0	0.0918505096844307	0.0918505096844307	0.674908727230064	0.851354671550357	0.83386463180013	0.787380735446304	0.857466029866172	0.734939698109195	0.268220480050414	0.625594641687543	0.870078047855852
1	1953216	1958216	1955763	1957112	0	3	0.0729902081257851	0	0.818049962044115	0.730843815650845	0.66465276334628	0.617780745198792	0.840038213574538	0.706774465801908	0.528033886999291	0.696316779024435	0.919440846961893
1	1958216	1968216	1963434	1966310	0	0	1.88368436287474	1.88368436287474	0.0126867025386628	0.972540452859395	0.855248542932472	0.970583982923395	0.967421356816173	0.97806801064742	0.0050714550196773	0.0325148108608853	0.112334879590217
1	1960716	1965716	1963434	1965241	0	0	1.08716845507529	1.08716845507529	0.0794785010495449	0.969540672016706	0.9796325089322	0.97144478874735	0.968366252548064	0.980061799199541	0.0428837604881919	0.123805702579075	0.151064980841449
1	1963216	1973216	1963434	1972491	0	4	2.76965184068896	0	0.0283072355961607	0.0701332384825085	0.223372827262761	0.033610824443026	0.000119198846501911	0.0803463980399686	0.0242588821097807	0.0174213061757093	0.130725788680934
1	1965216	1966216	1965241	1965717	0	0	0.336746174947207	0.336746174947207	0.446874418468898	0.901010122434347	0.970685322894589	0.970357281065218	0.897016441259269	0.980169942630212	0.258740440291715	0.320166283436375	0.761503912034931
1	1965716	1966716	1965717	1966310	0	2	1.42267781845921	0	0.0545716509588384	0.975939542883267	0.0366572942235275	0.970426034687484	0.969706065433556	0.970148516219316	0.0553619061059362	0.0388531768449671	0.088985437805023
1	1965716	1970716	1965717	1970463	0	4	3.40016600220027	0	0.032355369478924	0.177476362673984	0.902798314794569	0.00642756723122839	0.00001287598201416	0.0190784445103787	0.19563922457326	0.0129079390835476	0.0923691752757529
1	1967716	1968716	1968257	1968387	0	4	4.222335788704	0	0.0807526446450673	0.0178255830714176	0.191415378612309	0.000314906430570083	0.0000010683362277053	0.00107393200626071	0.0679640046485735	0.074262801303404	0.111007944116452
1	1968216	1969216	1968257	1968858	0	4	4.48492405813232	0	0.0726937059245731	0.0284354825016078	0.27652428261036	0.000503998765947866	0.000000930971838064565	0.00172013818961225	0.616103376520317	0.0341420522141807	0.0779475697016385
1	1968216	1973216	1968257	1972491	0	4	3.92835207063237	0	0.160796183857711	0.033080080835741	0.160261672012077	0.00298432310269603	0.00000390134620720239	0.00763034586128475	0.594893483455649	0.0837077963710784	0.146477155809919
1	1970716	1975716	1971847	1972491	0	2	0.827399075693498	0	0.665228713374383	0.102751306645939	0.0829594058865693	0.557525465378525	0.594728813262861	0.145018493876343	0.520146542644916	0.770825733258217	0.650227090499093
1	1973216	1983216	1978355	1983202	0	0	0.554827927354602	0.554827927354602	0.259498249926	0.965834392363274	0.976729757073113	0.599949343145643	0.825613451978441	0.931027181860234	0.339981032009532	0.173069629497851	0.322884570954551
1	1975716	1980716	1978355	1979933	0	0	0.564768502638921	0.564768502638921	0.244441917397941	0.924716654907296	0.963169670655228	0.659877502269795	0.897313464001528	0.852680179317045	0.465003492592907	0.165474311677319	0.21488631125238
1	1977716	1978716	1978355	1978443	0	0	0.513254543850811	0.513254543850811	0.245311524031737	0.799783600004474	0.763903443149767	0.626323218233794	0.813667734911598	0.929089020629045	0.696441474094779	0.142131026102545	0.168389190139754
1	1978216	1988216	1978355	1986054	0	4	4.55338158431739	0	0.626859441380745	0.0208800776266529	0.0224055748854686	0.961055134516097	0.0000175302692692059	0.8512392908077	0.419158849179296	0.222544348999099	0.887556637773857
1	1980716	1985716	1981125	1985323	0	4	0.324721219732346	0	0.837371119697751	0.953473830771497	0.977014928942311	0.953728217611854	0.451427028340965	0.887555924801406	0.314167201892343	0.450283349979541	0.948854008201194
1	1982216	1983216	1982351	1983202	0	4	0.484457608446474	0	0.662750710017737	0.757901103280272	0.986399834816013	0.853843816355623	0.248401909971864	0.433639552598151	0.578647322638597	0.636374584281231	0.745844986902862
1	1982716	1983716	1983202	1983613	0	4	0.37233690920001	0	0.415750251117742	0.976760111779536	0.980695926701878	0.97241840739626	0.412587686050374	0.611448802248779	0.6732669638421	0.306534589871902	0.300777998035996
1	1983216	1988216	1983613	1986054	0	4	6.62994411887057	0	0.928276137558053	0.000371778739439943	0.000353719323571755	0.823430187081568	0.000000181864758364014	0.775697994797472	0.922753681516421	0.397996168479672	0.966193716755417
1	1983216	1993216	1983613	1992833	0	4	5.16261722679745	0	0.896401424414467	0.00000609853246591463	0.00621982516460207	0.774100440172367	0.00000409599563888641	0.595630203926352	0.584742563785851	0.877547649929949	0.948668075740058
1	1985216	1986216	1985323	1986054	0	4	8.01315636677515	0	0.933155486054258	0.000067179208097401	0.0000649029293717796	0.81765858710292	0.00000000702081015546696	0.723675044555586	0.398114668293936	0.450444665598934	0.978177788281752
1	1985716	1990716	1986054	1989990	0	4	5.66461998777709	0	0.914560464896993	0.000108574645348858	0.000753655847206325	0.704718363698841	0.00000121362099936295	0.560664515253482	0.937032980260009	0.664194335455608	0.941190623868145
1	1988216	1989216	1988324	1988973	0	1	0.975162227857186	0	0.928224450409724	0.0982857998154012	0.873497627375381	0.781256202002928	0.970254456877242	0.969973066536607	0.421180374560459	0.52369045989353	0.976033552942036
1	1988216	1993216	1988324	1992833	0	1	2.79735433481579	0	0.922972198370378	0.00084693302044081	0.531133140453207	0.969701770074153	0.126719114407059	0.458894908793855	0.561108897645081	0.956061369754227	0.934107511299501
1	1988216	1998216	1988324	1997366	0	1	2.28737445666793	0	0.855627454859966	0.00259509761298848	0.647612410435377	0.321089814261612	0.1952064428724	0.502953870790599	0.290992390475124	0.90426941615646	0.91599802485844
1	1988716	1989716	1988973	1989242	0	1	2.25608440623256	0	0.617570727176649	0.00099628067286206	0.0695193399662413	0.17966608797081	0.0104491500429607	0.343179492069031	0.537197659185907	0.578151980067661	0.713492961754865
1	1989216	1990216	1989242	1989990	0	1	1.41068789434532	0	0.871466668680062	0.0118970196884918	0.16034942566455	0.306285244338624	0.0513791062199471	0.48345774008408	0.815510274562535	0.922507342001396	0.809586085042343
1	1990716	1991716	1990816	1991411	0	1	3.61982602582508	0	0.719770095534058	0.000125124853371572	0.837962324064579	0.521398295856055	0.301947694925772	0.274340072906299	0.731209893770005	0.740477692852679	0.68299131835374
1	1990716	1995716	1990816	1992833	0	1	3.06250040414139	0	0.853194621573286	0.000471703714356897	0.892660723702578	0.544715458346036	0.278386593574704	0.396387764686273	0.846152603785226	0.892131445620782	0.790628287473078
1	1993216	1998216	1996914	1997366	0	3	1.08100932558887	0	0.387000259991619	0.617249195382334	0.973256110106451	0.0553673264678039	0.809502635575011	0.667210509992071	0.273537371404994	0.425367593522592	0.496436371726895
1	1993216	2003216	1996914	2001096	0	3	0.937677051074271	0	0.223395040143216	0.971203683712083	0.970842407313199	0.11206543658466	0.972025087922275	0.970567153805905	0.900925321680575	0.181184525135959	0.0617006518765515
1	1995716	2000716	1996914	2000611	0	3	1.14601449189836	0	0.123629905967772	0.960207594548582	0.970362318356555	0.0686041905777681	0.969555707823833	0.953299977813358	0.810963775261495	0.106746799964895	0.0530586651861399
1	1998216	2003216	1999679	2001096	0	0	0.998711964783889	0.998711964783889	0.0973322460641332	0.97044004694431	0.969793444702545	0.970752874830385	0.970350723439011	0.972521247336856	0.529253970220503	0.122533172117537	0.0443706991076807
1	1998216	2008216	1999679	2007763	0	1	0.697376194958012	0	0.259831103221458	0.0521572808970554	0.683506051671311	0.130363355434358	0.617879452154257	0.102388828654603	0.809975710142544	0.197221984949558	0.106055920674739
1	1999216	2000216	1999679	2000135	0	0	0.415907012145323	0.415907012145323	0.372811509621671	0.969294307138529	0.975210244665876	0.971601657252316	0.971396029031207	0.969221455895918	0.269077816914399	0.497426902442134	0.386634841598714
1	1999716	2000716	2000135	2000611	0	0	1.28857617507252	1.28857617507252	0.049119718379889	0.971940662992143	0.869095830203781	0.954623328658066	0.352567610981249	0.972285724515303	0.341925031940731	0.0442815519224641	0.0273669400445929
1	2000216	2001216	2000364	2001096	0	0	0.0132088277636224	0.0132088277636224	0.941739576375442	0.972618527757673	0.967938692590459	0.971825526148818	0.965746158068226	0.970822090035067	0.99638693844173	0.0783112411913128	0.0273004426373593
1	2000716	2005716	2001096	2005424	0	5	1.36357220495365	0	0.635020154224559	0.939790119122632	0.800725615805344	0.79497533118327	0.4341734261221	0.0344176685054802	0.206683197994853	0.604032174648398	0.871107750463342
1	2003216	2008216	2003698	2007763	0	1	2.66963664022268	0	0.644015104127339	0.00106085395135602	0.495783693487459	0.00293773814727372	0.544491079030885	0.00278107328474719	0.228835495959382	0.560668877718927	0.874706466800615
1	2003216	2013216	2003698	2012598	0	1	1.35433133305276	0	0.771008529097931	0.0288658349531226	0.652702772061014	0.0417474619759183	0.965639405566886	0.0538177162223259	0.732979212202293	0.781708841708759	0.791777065475897
1	2005716	2010716	2007763	2009921	0	1	4.78840357689697	0	0.743581308295199	0.00000171925479985902	0.105619430729631	0.0000198880692623415	0.0999328496339557	0.643942077556535	0.85976236588554	0.668292997742351	0.555518441940532
1	2008216	2013216	2009514	2012598	0	4	0.704052859794055	0	0.658581236060666	0.604853157005189	0.823053260571953	0.431888996940143	0.130183664762396	0.670237848351409	0.571168016033692	0.747330257234187	0.626879015723356
1	2008216	2018216	2009514	2016790	0	5	0.118452208652571	0	0.801283964619636	0.490933513257412	0.68378634499835	0.499257707657314	0.556477567660258	0.423638530974491	0.574823923494564	0.911605230002251	0.625733535584889
1	2009216	2010216	2009514	2009921	0	4	0.99442506614309	0	0.571106798243169	0.358955040448393	0.500079303829541	0.0951925333638196	0.0506540080631426	0.884925473083971	0.617312379205305	0.557222978712594	0.536010031339264
1	2010716	2011716	2011239	2011425	0	4	0.484188988890922	0	0.567802710850085	0.970546118615766	0.586935390445709	0.971479347986573	0.318293073755789	0.97474100688285	0.63334393141929	0.523876901434523	0.540663562152455
1	2010716	2015716	2011239	2012598	0	5	0.35283428940541	0	0.686088029936008	0.970264821099399	0.970691208642122	0.97159913859594	0.830481393593261	0.430582124299244	0.730784195360989	0.640678128665066	0.678074945637147
1	2013216	2018216	2016490	2016790	0	2	0.648918121900138	0	0.81402997643687	0.500082923851506	0.133297742893274	0.59393773377215	0.518510951384624	0.963514539861522	0.848705803468195	0.863321148163933	0.623816747999615
1	2013216	2023216	2016490	2021434	0	2	0.453926084855693	0	0.617677095512679	0.835583765593239	0.217187793131223	0.296657139112414	0.797640256101687	0.246163586744472	0.611525491509432	0.701726167588509	0.519781554069559
1	2015716	2016716	2016490	2016697	0	2	0.826160992075931	0	0.674674447160222	0.977629333225735	0.100677696366322	0.324344751810201	0.730365796189061	0.125392604780205	0.504789219754946	0.799611728398163	0.633612607701256
1	2015716	2020716	2016490	2020053	0	2	0.421928861156278	0	0.509689259600421	0.57923449762981	0.21924291019846	0.869207929712359	0.615667061822315	0.47138979356821	0.391926783655886	0.623156462698313	0.511804558282694
1	2018216	2023216	2020053	2021434	0	3	0.318242190698241	0	0.439253738420654	0.162683088280586	0.291375533390615	0.140026711899157	0.38272057480476	0.274136713836732	0.592973200970115	0.373154263729823	0.362965721676678
1	2018216	2028216	2020053	2025485	0	2	0.670250385906767	0	0.490772512479773	0.756496941516375	0.143546257902448	0.948078237204615	0.395637661023172	0.671803498716428	0.513420670981286	0.540508750113895	0.419887783510618
1	2020716	2025716	2021434	2025485	0	2	0.958504577866235	0	0.888516278521295	0.8847428036827	0.073812540721649	0.584615098850054	0.300646087851765	0.670864378598002	0.95631741875422	0.753547900604221	0.48374263492835
1	2023216	2028216	2023826	2025485	0	2	0.662991513344478	0	0.62056671174876	0.251573453150136	0.0897020465447294	0.412851498147408	0.154440819090653	0.763593090678682	0.706933625204438	0.661522735563393	0.461232339100649
1	2023216	2033216	2023826	2029012	0	2	0.597894311777736	0	0.735911434539011	0.326002701704068	0.131703037554182	0.521783213681569	0.182856101551397	0.815583906406543	0.695567782182954	0.797253703488756	0.691897993146539
1	2024716	2025716	2024806	2025485	0	2	0.999542500541745	0	0.950507217992875	0.570517136326351	0.0571118453678303	0.511292628300901	0.497673584233042	0.973974515723733	0.983072674957497	0.616572827025868	0.489909138335547
1	2028216	2038216	2029012	2037633	0	0	1.40904829718679	1.40904829718679	0.0153113843026532	0.392701675501251	0.853829559770575	0.972967770187611	0.298873618808547	0.313314727485086	0.0259093340716033	0.0145182530203449	0.0113023985035648
1	2030716	2035716	2033961	2035646	0	0	2.13440752047232	2.13440752047232	0.0042296668127888	0.4670523635736	0.59573000050732	0.975281097578927	0.576386337857738	0.435528037064628	0.00291875908972131	0.00545830506069711	0.00545074783732213
1	2033216	2038216	2033961	2037633	0	0	1.44825400677194	1.44825400677194	0.0113618334997386	0.318935180673289	0.831297682451176	0.952983134206797	0.243101066680245	0.254303697597948	0.0192014448446691	0.011017777979021	0.00824983773920762
1	2033216	2043216	2033961	2041751	0	0	1.19831556539403	1.19831556539403	0.0468149096525556	0.593392641618183	0.890360861410848	0.812327525843551	0.739094133265347	0.574383087113528	0.21415609579697	0.068379916868734	0.0220503488729022
1	2035716	2040716	2037633	2040445	0	4	0.325132430260432	0	0.971126882387269	0.520241952078503	0.855658008815175	0.746929696819945	0.358860307812531	0.758678637476922	0.999865709750545	0.701671440714301	0.628577654036991
1	2038216	2043216	2039879	2041751	0	4	0.775066458441401	0	0.694892402069261	0.834121305565427	0.84582887768086	0.325511551587385	0.140011192915965	0.875771817230992	0.838037573531186	0.571690300336769	0.527019409085215
1	2038216	2048216	2039879	2047763	0	4	0.908175541034315	0	0.707388338294898	0.933104033390764	0.85880487117135	0.544363016467932	0.10610087318839	0.956336191103174	0.798914037506328	0.696416366925173	0.566445138849319
1	2039216	2040216	2039879	2040007	0	3	0.664753271413093	0	0.818562321106118	0.837782813379675	0.910262186454212	0.181291806019382	0.18358144759553	0.973883967018074	0.532078581973561	0.907042693273348	0.785583804531612
1	2039716	2040716	2039879	2040445	0	4	0.930541297976582	0	0.759673840531308	0.93112489565297	0.854726025059584	0.289620374850429	0.100296465786601	0.922959801515658	0.885068072683599	0.584004928279011	0.583875380956188
1	2040716	2045716	2041751	2045573	0	0	0.358126846887577	0.358126846887577	0.418498192735662	0.824211959378699	0.954597810111356	0.955016191145364	0.973237915931974	0.528036817667316	0.27323977129624	0.511333579831662	0.513581857005074
1	2043216	2048216	2043972	2047763	0	5	0.132635580510355	0	0.78114061661745	0.91043261025594	0.959955711202825	0.912538992614305	0.952449219678904	0.672381646526043	0.873954435239948	0.722002819158817	0.62739707055958
1	2043216	2053216	2043972	2051872	0	5	2.03681737830672	0	0.811251752908198	0.881905106929717	0.604869900734566	0.310019273094679	0.7973128151392	0.00732506303341118	0.540233889171877	0.904918824780136	0.761831313565117
1	2045716	2050716	2047763	2049699	0	5	1.68174961093006	0	0.86297100736622	0.972324165274423	0.264377962958674	0.161811441048456	0.980514942305919	0.0179575297395083	0.753425761242485	0.896156260890965	0.881267672905472
1	2048216	2053216	2049699	2051872	0	5	1.4444799816475	0	0.781223261589201	0.505689016845327	0.399813401635788	0.28119826724836	0.368331208229865	0.0143673729643445	0.467813205708373	0.853987308049876	0.833283606031105
1	2048216	2058216	2049699	2058208	0	5	0.0941309609906651	0	0.974104909470789	0.752866098074772	0.929403252457545	0.900516141396271	0.939766944649296	0.748295661007053	0.761318846707315	0.991989544414821	0.920126619656413
1	2050716	2055716	2051426	2054426	0	4	0.901450393153949	0	0.970635427234636	0.77311232095809	0.976108700979777	0.828561764583088	0.121491752218752	0.968271588786385	0.482020296140012	1	0.686470934879678
1	2051216	2052216	2051426	2051872	0	4	0.959404762043848	0	0.574702844468849	0.289579840342421	0.932095805160445	0.749724608441495	0.0631013403976435	0.325206228861867	0.418823436423751	0.692794220077755	0.588512378015242
1	2053216	2058216	2054426	2058208	0	1	0.181538915943552	0	0.972556566303579	0.639483467017813	0.971333208289013	0.971006368200727	0.937065245311645	0.973903697793267	0.977120957049475	0.980262423195301	0.933473583622061
1	2053216	2063216	2054426	2062727	0	1	0.411767111551194	0	0.944215669156792	0.365850869614986	0.910641880676499	0.971309795583758	0.970738224295671	0.71705968968224	0.834498858654275	0.974044991824325	0.896266263196714
1	2055716	2056716	2055893	2056225	0	2	0.274295674703751	0	0.983312148479832	0.974899378022557	0.51839895644129	0.969169646929687	0.972202592315114	0.981266533203708	0.959767368200002	1	0.981810433698042
1	2055716	2060716	2055893	2060041	0	1	0.0823195259493387	0	0.969598516612657	0.802181083359095	0.972102361882141	0.970731239168975	0.94069847593606	0.967936661428888	0.916060132084356	0.986364348688601	0.926965368175094
1	2056216	2057216	2056225	2056718	0	1	0.383551791369649	0	0.767858841726224	0.317489668999737	0.972898513183249	0.327771800020168	0.373580680217269	0.980727012995972	0.592769310502676	0.797848464540511	0.830751425354142
1	2056716	2057716	2056718	2057606	0	4	0.447492547679757	0	0.613310987284545	0.23240848681751	0.966562486573905	0.70445195604854	0.224462076819555	0.628978100408593	0.563193972992091	0.735945913438773	0.499647822648759
1	2057216	2058216	2057260	2058208	0	1	0.203612180120568	0	0.717337562485627	0.449492377626861	0.711343220883286	0.917274120674131	0.85817956597477	0.718347379148066	0.770163403785963	0.755436717817173	0.583832484427983
1	2057716	2058716	2057782	2058208	0	2	0.390507707762493	0	0.598500745369857	0.638231910420451	0.390358156792438	0.95933649555204	0.979028748099932	0.9771868118693	0.444027562192801	0.638844930426225	0.688054007396052
1	2058216	2063216	2059083	2062727	0	1	0.913508029643027	0	0.688786966272087	0.0840575815951261	0.508146927263795	0.939177289112696	0.970935598805302	0.0924704460654594	0.76974383029888	0.702729087740216	0.547382249179993
1	2058216	2068216	2059083	2065981	0	5	1.61573460701089	0	0.466928834276667	0.114386011699138	0.942102052954129	0.901185689966633	0.970899980762835	0.0218313041340549	0.200811213895005	0.367157957107811	0.81279348459517
1	2060716	2061716	2061209	2061514	0	5	0.827773114996142	0	0.82327019460588	0.337182919273937	0.316549946555337	0.94636915125515	0.906249178019098	0.122396578508852	0.94172993395871	0.453326254898136	0.37411996829687
1	2060716	2065716	2061209	2064900	0	5	1.18591459859786	0	0.277958843126852	0.200317354253311	0.923313813332781	0.66537734860943	0.9711117151172	0.0433664042164674	0.113702559295207	0.19822362531846	0.818334208950356
1	2062716	2063716	2062727	2063274	0	2	0.795403365841217	0	0.403624374011465	0.491729769035811	0.14812742267535	0.96975024186986	0.970988296930035	0.924780859200932	0.303526928271821	0.519765075419652	0.410284701981803
1	2063216	2068216	2063274	2065981	0	0	0.147465922682945	0.147465922682945	0.334249387147638	0.644000474779075	0.428448646680673	0.469392928233823	0.97253044789948	0.455489477323516	0.113358648053762	0.134775226725797	0.903208877483259
1	2063216	2073216	2063274	2072735	0	0	0.335676507671252	0.335676507671252	0.406510953058533	0.936490715025559	0.946195792949633	0.727094775184313	0.880539331152939	0.727861660510925	0.194972139424627	0.205483434133371	0.841787291076325
1	2064216	2065216	2064352	2064900	0	5	0.486666683514374	0	0.119023639698883	0.319937264829251	0.478039442654146	0.276916764809842	0.971562688167229	0.104327342328139	0.0590630917388927	0.0411180248902847	0.941502411636325
1	2065716	2070716	2065981	2070520	0	0	0.223293969680861	0.223293969680861	0.580886724329315	0.971371642473061	0.974361892998782	0.971533503847727	0.970885026889979	0.969975957322382	0.416572563398738	0.584883801544808	0.709720278560533
1	2068216	2073216	2070520	2072735	0	4	0.265111819985258	0	0.970325712389124	0.972274757975013	0.973829611038281	0.961849921930545	0.526994059629491	0.853670790831112	0.995646773023525	0.56712947569853	0.516696664761068
1	2068216	2078216	2070520	2078061	0	4	0.908663560839914	0	0.661041297146313	0.971225757218738	0.978018468039275	0.960332568301416	0.118510845553762	0.758303365702336	0.474096648514439	0.821877791244413	0.546501536860772
1	2070716	2075716	2071483	2074409	0	4	0.259960295261056	0	0.798001774325793	0.972437439829621	0.978582512876975	0.956477138112687	0.525671338841184	0.852387752463696	0.904936160080107	0.678799323117883	0.562076125204283
1	2073216	2078216	2074409	2078061	0	4	1.05952170130191	0	0.609025618651497	0.91641983182564	0.972630209014149	0.964227919335137	0.0799047832340962	0.448343441512622	0.350402480498189	0.795457110825279	0.575509388828097
1	2073216	2083216	2074409	2082478	0	4	0.711785863344292	0	0.540111801622932	0.890309154434165	0.745260744648239	0.979642742961086	0.16380272997073	0.843542559125958	0.269596119041625	0.774724410933641	0.530191828039197
1	2075716	2080716	2076079	2078804	0	4	1.07400471851079	0	0.347627215058976	0.827318556886952	0.488199450223818	0.97285448842588	0.0563422654132773	0.668096233954272	0.195903534685528	0.527877224497067	0.427934049402434
1	2078216	2083216	2078804	2082478	0	2	0.479992289673735	0	0.49847333065753	0.473215189872369	0.165062963459193	0.970433159169738	0.33320376323446	0.590692662505727	0.553230677510829	0.481439378026055	0.460473565004901
1	2078216	2088216	2078804	2086972	0	2	1.02666499838789	0	0.494263242756031	0.648809416932335	0.061025481745316	0.971237225713242	0.648897670217181	0.788564944482202	0.414135196681737	0.580866703100213	0.488150714989614
1	2083216	2093216	2086972	2092669	0	0	0.463049534882587	0.463049534882587	0.230523665717602	0.971679732016284	0.508992917122451	0.669522307843613	0.767886172121802	0.561378996559089	0.182328504444602	0.0810805958855432	0.852388347506339
1	2085716	2090716	2086972	2089428	0	2	0.452097032278115	0	0.934309005540043	0.977920347103602	0.265379035876974	0.661540068809864	0.751559976623686	0.501844239047555	0.896430203267079	0.933804563918752	0.952323538434725
1	2088216	2093216	2088967	2092669	0	0	0.6374877724633	0.6374877724633	0.133818179978683	0.977713493134616	0.739533937672462	0.474678915342829	0.580768284001533	0.402979325275932	0.0737554996595093	0.0617207411056311	0.883944327761554
1	2088216	2098216	2088967	2097286	0	1	3.37744422850947	0	0.396885552633671	0.000107104734451413	0.892773646204643	0.255418821828578	0.0122580635047509	0.195637379002161	0.415410641737797	0.112199522921167	0.851351634209759
1	2088716	2089716	2088967	2089428	0	5	0.326417741197328	0	0.977817438448029	0.980839590295451	0.739614314601203	0.457058455047812	0.462207049743367	0.348808907363062	0.789822298378179	1	0.967861797613331
1	2090716	2095716	2092669	2094560	0	0	0.889752926789162	0.889752926789162	0.0734916334819651	0.339072098795882	0.789340724301851	0.570152229935973	0.465058987996262	0.706903981336518	0.358306397415642	0.0410680386162008	0.0684667626301725
1	2093216	2098216	2093985	2097286	0	1	3.93433143557781	0	0.607703865200837	0.0000126985534437685	0.913323046685584	0.109165569981848	0.00250854108944987	0.070030091494052	0.538473403124994	0.375482777245558	0.796684843642607
1	2093216	2103216	2093985	2100730	0	1	3.642846550398	0	0.637574241124445	0.0000245332352666328	0.882686885359479	0.107795684348845	0.00551162099011704	0.000112119863332372	0.494518545338307	0.537764715720781	0.789123558685184
1	2093716	2094716	2093985	2094560	0	1	0.690767652093164	0	0.299475604062581	0.130923532977208	0.970315109396198	0.541368263699014	0.642370174600042	0.677783237454586	0.48275235409066	0.220138495305217	0.262356378338878
1	2098216	2108216	2100730	2107997	0	4	40.4632778154598	0	0.704664533672397	0.000000000000000000000000000000000202745054633952	0.0000000000204775085776987	0.0000000000000000000000807182964527837	0.00000000000000000000000000000000000000000000000000000000000003798456150604	0.00000000000000000000110378613061744	0.64987590073553	0.795747900762471	0.621139839075387
1	2100716	2105716	2100730	2105427	0	4	38.2703849933761	0	0.977286608272778	0.0000000000000000000000000000000054723862266189	0.0000000000500693930760576	0.000000000000000000000506512708332873	0.0000000000000000000000000000000000000000000000000000000000312502184045022	0.00000000000000000000582422374100822	0.965609527266466	1	0.738625716034131
1	2103216	2108216	2105427	2107997	0	4	88.0319436586267	0	0.463728788762509	0.000000000000000000000000000000000000000000000000000000000000000000797665935351404	0.00000000000000000000120338685710581	0.000000000000000000000000000000000000000000303033320539174	0.000000000000000000000000000000000000000000000000000000000000000000000000000000000000000000000000000000000000000000000000442809593276489	0.00000000000000000000000000000000476607288764997	0.328725828794953	0.561959821357818	0.517911453269401
1	2103216	2113216	2105427	2112045	0	4	30.3800527164996	0	0.749293589975193	0.000000000000000000000000659463781954604	0.000000226841526562716	0.000000000000000888178419700125	0.00000000000000000000000000000000000000000269133014853406	0.00000000000645683506661499	0.860578883354127	0.681952437189088	0.565362530294982
1	2105716	2110716	2107997	2110261	0	2	1.23616426493571	0	0.46789299360448	0.970317468413142	0.0438322627170966	0.130100523158487	0.755019477462093	0.971442427839103	0.711394331012992	0.359747327970702	0.324533816494242
1	2108216	2113216	2110261	2112045	0	1	1.21430442013568	0	0.646204467510996	0.031536964542034	0.516564206475169	0.207403987595886	0.418992177476377	0.687614015442442	0.722262161975958	0.602864120753827	0.595562857863538
1	2108216	2118216	2110261	2117559	0	1	4.80876813295334	0	0.595238488218339	0.0000000194812816989298	0.000000956772516991222	0.000000282020956920981	0.00430717844236206	0.00125425447509619	0.430917662365544	0.749613827615111	0.546865789905427
1	2110216	2111216	2110261	2111153	0	1	1.2132527373373	0	0.523576971448869	0.0235579095560153	0.483563562240714	0.14888950049608	0.333756538837608	0.384936849419352	0.532388664989704	0.473657797957895	0.563890103466104
1	2110716	2115716	2111153	2115268	0	1	4.64032437411449	0	0.40149244944255	0.00000000737526639760233	0.00000038578403360745	0.000000256645039220516	0.00212289644585739	0.000322182602974674	0.179781137749028	0.663625069986415	0.517246467584803
1	2113216	2118216	2113776	2117559	0	1	3.4015807250866	0	0.420298220360831	0.000000310010204951361	0.000000471560688275474	0.000000578031522091571	0.00301697091610709	0.000781549906223367	0.198786382176915	0.660677766880449	0.521507621538278
1	2114716	2115716	2115222	2115268	0	1	10.0167380936162	0	0.202072476094544	0.0000000000000000000246041470235131	0.000000000000000000225421343091241	0.000000000000000000145212423632231	0.000000327666170862884	0.000000000255709231566925	0.168007828192354	0.186155497244762	0.27623096861151
1	2115716	2120716	2116510	2117559	0	4	0.991739856912148	0	0.748454326121589	0.973970535328949	0.893610682990825	0.956771557402733	0.0910769535012033	0.565036986894083	0.650427599385217	0.846880059733113	0.658549592887014
1	2116716	2117716	2117246	2117559	0	4	1.12753272087213	0	0.954093668702145	0.957334280318031	0.880703243850895	0.763580683247461	0.065659394752345	0.366535840955041	0.981384371240318	0.886985572214781	0.729803786338034
1	2118216	2128216	2123649	2125543	0	4	0.970847258559382	0	0.281038934527969	0.97342802934621	0.85780414000001	0.773440720201711	0.0827141430348228	0.671823625298969	0.693882625715424	0.20242781449155	0.160785113776816
1	2123216	2133216	2123649	2132648	0	0	0.482800346048298	0.482800346048298	0.292318534468192	0.82501306560877	0.957193136439029	0.970499573283463	0.653619617196475	0.888498499569323	0.553673626039458	0.271133577523023	0.178962113226035
1	2125716	2130716	2128926	2129498	0	2	0.241363756228164	0	0.859443196655534	0.838299489608417	0.446942930065746	0.716065427985993	0.611504590381195	0.779140586693846	0.921444097769931	0.837783964919053	0.669125407178266
1	2128216	2133216	2128926	2132648	0	0	0.487059776275556	0.487059776275556	0.279925605159535	0.77572235564914	0.859216091679226	0.904227104874591	0.915413398875368	0.82074841279129	0.391049700995608	0.32149914340334	0.187298046449671
1	2128216	2138216	2128926	2135885	0	5	3.18160571478404	0	0.483353535094362	0.345934544572583	0.19653091394014	0.788176427738618	0.437930893439021	0.000288270278979264	0.51572598831789	0.52864398259597	0.408188433947108
1	2130716	2135716	2131081	2135359	0	0	0.415567409946488	0.415567409946488	0.371354201537993	0.971947513719066	0.899042045571571	0.966842542770862	0.97393698208794	0.964919160732027	0.55465738357999	0.330965472587149	0.272238333030532
1	2131716	2132716	2132053	2132648	0	0	1.04689609757668	1.04689609757668	0.0837674420843813	0.973360558997133	0.933192740443188	0.669705513246367	0.97530421951417	0.911940588828172	0.175532789500098	0.0768474126408825	0.057780247219192
1	2133216	2138216	2134488	2135885	0	5	5.49388686567181	0	0.887541062639379	0.0140940235876086	0.0567223965383428	0.668805208228954	0.0117242269269424	0.000000181914662888971	0.896134068452584	0.910772486716425	0.831281318470404
1	2133216	2143216	2134488	2141602	0	5	3.40788579698099	0	0.75488963376178	0.77140260133968	0.962348276754118	0.974504799049359	0.404592101657546	0.000301574976108165	0.656340604637243	0.844007778063281	0.691003389105888
1	2135216	2136216	2135359	2135885	0	5	7.20588225468389	0	0.972545065456369	0.00424212168455407	0.0697243017977456	0.655226018212393	0.00407990944398418	0.0000000043401218174921	0.761957837615289	0.989772030607369	0.879166328220188
1	2135716	2140716	2135885	2140073	0	5	6.2372128728492	0	0.708499266898051	0.00673599324997742	0.116328161371741	0.945405823481923	0.00576246623341192	0.0000000673708444587362	0.764210012145619	0.714545976417537	0.624434444088899
1	2138216	2143216	2140073	2141602	0	0	0.199192767764577	0.199192767764577	0.584581875124496	0.941161614089319	0.646852134914874	0.913920775307374	0.961987012184863	0.924779329168862	0.64791205153281	0.620491121155423	0.473788874875641
1	2138216	2148216	2140073	2146189	0	5	0.158364528489843	0	0.918694214384534	0.948730074492425	0.878418034411588	0.976259641417339	0.936523659084383	0.650360602612235	0.883290778919465	0.938370212352232	0.917763276791553
1	2140216	2141216	2140867	2141008	0	0	0.201884597262236	0.201884597262236	0.527375509686852	0.915537901303732	0.603120153706793	0.755212638328521	0.940996448880443	0.839468791787796	0.614235383557627	0.47722559104874	0.485746215249677
1	2140716	2141716	2140867	2141602	0	2	0.108000643998591	0	0.718880304736721	0.957017886851546	0.666749554350135	0.720797177396023	0.975294509680873	0.854994612353151	0.877966740566676	0.532961575097853	0.462249869492161
1	2140716	2145716	2140867	2145028	0	3	0.0369346119002115	0	0.951116922561923	0.881110897526457	0.899372118879276	0.809274694887821	0.877136284769459	0.853914542058002	0.982331713372212	0.772433180387176	0.572524724072227
1	2143216	2148216	2144992	2146189	0	5	0.591091629208464	0	0.955472668247389	0.53353112431792	0.890234467797227	0.830780895349288	0.634214203315357	0.213007488472955	0.820335646003307	0.975276577140264	0.954039267149097
1	2143216	2153216	2144992	2153185	0	2	5.86933897568318	0	0.945488589096587	0.611951480311254	0.000000826757253769017	0.947625489786957	0.00247673724094954	0.518987947480317	0.969258232343141	0.722536065465817	0.948964618276606
1	2144216	2145216	2144992	2145028	0	5	0.480348455604017	0	0.795526272422375	0.658174075679746	0.940746598073712	0.761433258062248	0.296653880378126	0.251932030230543	0.828850379676922	0.819835918337815	0.706538229827165
1	2145216	2146216	2146108	2146189	0	5	0.997199688331858	0	0.959527851835163	0.523594180981115	0.722384007468128	0.703268692034477	0.9417884234137	0.0727056956989142	0.91612772239565	0.963997647729749	0.971029139830588
1	2148216	2153216	2151525	2153185	0	2	7.1321389124073	0	0.857216435142163	0.354913459519241	0.0000000261808388302143	0.137059643652008	0.000325764772634685	0.782832969717707	0.795993238251297	0.328720550657102	0.94264390314176
1	2148216	2158216	2151525	2157561	0	2	8.9719631148263	0	0.909499364662889	0.000148940558623245	0.00000000000015887291482386	0.143032191659461	0.0000330938037442774	0.000000637671931702499	0.945978939186805	0.693420098028531	0.91672316908159
1	2150716	2155716	2151525	2154939	0	2	5.05400932686007	0	0.846067278269451	0.635076120186976	0.00000560810912930698	0.112186633694256	0.00481103340374156	0.712382442299764	0.778658376389651	0.475259382051102	0.931742320294136
1	2151216	2152216	2151525	2151908	0	0	0.428830450208592	0.428830450208592	0.226826729766301	0.608870147874409	0.328747942356572	0.31220562457291	0.97303014368781	0.747237768585465	0.307659932454357	0.17439703506416	0.228819950945133
1	2152216	2153216	2153054	2153185	0	2	7.45920424654349	0	0.897039182949793	0.137948186816442	0.00000000479194417479789	0.127512205051496	0.0000383134995554091	0.796946796633912	0.252740198535704	0.506626289118923	0.967991688619429
1	2153216	2158216	2153891	2157561	0	5	5.60117514498139	0	0.840269381875745	0.000223463591976447	0.000000410688025587191	0.169950025316648	0.00872278888118416	0.0000000218514477623444	0.729998515437261	0.883388547850027	0.851125459430712
1	2153216	2163216	2153891	2162464	0	5	4.36853455790399	0	0.834326034999688	0.000291778415124844	0.000000751228470541321	0.00607786748856865	0.0117089811231659	0.000000260145710528903	0.586563318139703	0.906118463000391	0.827691980436358
1	2155716	2156716	2156071	2156230	0	5	11.674863909966	0	0.972774139118399	0.000000163991044743739	0.000000000015324408408901	0.604372675539033	0.00199552758866983	0.0000000000000042188474935756	0.789046154146835	1	0.844885127328069
1	2155716	2160716	2156071	2157561	0	5	7.51810701365971	0	0.972276564816936	0.00000068802629837883	0.000000000054088955536713	0.246629732866661	0.000248088134224611	0.00000000000752486961630439	0.715175328595527	1	0.833578973012463
1	2158216	2168216	2162464	2168175	0	3	2.34579985493651	0	0.855172407905167	0.946444145261447	0.791262503238077	0.00419356890021305	0.957194795586241	0.929787359841394	0.820584945960484	0.693367064542673	0.919206520254785
1	2160716	2165716	2162464	2163548	0	3	2.4887674695662	0	0.362711259973717	0.645769142354433	0.374599435672484	0.00209560689711841	0.691945332846299	0.973768288260689	0.663182757982413	0.310064887184422	0.213030833567815
1	2163216	2168216	2163548	2168175	0	3	0.283580937715179	0	0.839267720749403	0.860033123280005	0.6568460800588	0.447645517715216	0.972916674007237	0.959434882757622	0.495857016663811	0.600695167232985	0.938521584584136
1	2165716	2170716	2166690	2168175	0	5	1.08085127175698	0	0.978762439917673	0.712780753448249	0.971446499947462	0.326360833538784	0.976310744534499	0.0806431746457954	0.923906159701485	1	0.964674718378593
1	2168216	2178216	2173440	2173533	0	0	0.295974312825876	0.295974312825876	0.491760255388288	0.74145833729872	0.973641418907147	0.972137594486637	0.976999426050291	0.558473326188252	0.815555688974646	0.296983460567799	0.273053130806759
1	2173216	2183216	2173440	2179636	0	0	0.51654297103878	0.51654297103878	0.295586337408451	0.971018104324092	0.326421331212924	0.973019820779282	0.974630264317507	0.83195136545193	0.452292246110634	0.262476136970145	0.225343537991622
1	2178216	2188216	2179636	2183529	0	4	10.348375896612	0	0.720800977923159	0.520408584693418	0.0000000520277478877063	0.563360479227373	0.0000000000233328911747321	0.00088147698864316	0.502830858208907	0.617330357325884	0.858502012019889
1	2183216	2193216	2183529	2191824	0	4	9.6855051954114	0	0.974206749637447	0.214199248307178	0.000000355115465477951	0.111507781727529	0.0000000000230038210702332	0.00223916331952889	0.765793677326353	1	0.922326282481797
1	2188216	2193216	2188425	2191824	0	3	1.37512476902408	0	0.973334667280612	0.161058929313311	0.684944716732452	0.0288755823136052	0.614923960643872	0.972029684173909	0.727888663054316	1	0.898761763176511
1	2188216	2198216	2188425	2196678	0	5	1.47950935739121	0	0.688541148779423	0.549317064951738	0.134504238773888	0.155044548963809	0.229640040997248	0.00761269198599812	0.36786184330638	0.814343574552211	0.740826947654726
1	2190716	2195716	2191824	2194869	0	1	0.684616532009447	0	0.769721441058754	0.145910220525741	0.228189469110045	0.70583346590358	0.971054614799616	0.449720556164772	0.532877675077505	0.690495824380637	0.883586665227595
1	2193216	2198216	2194869	2196678	0	5	2.76644319683881	0	0.407547795423757	0.86672299721411	0.0298692988481675	0.520787636842638	0.0638922624278301	0.000697807047648213	0.359300198054106	0.508984388198837	0.364957006131912
1	2193216	2203216	2194869	2203083	0	5	1.68304197189497	0	0.967610292706563	0.506088552518241	0.123391439405498	0.273350151368834	0.22986090402957	0.00567123112458479	0.999935028026062	0.172836494457781	0.288587757163013
1	2195716	2196716	2196343	2196678	0	5	8.11134490140925	0	0.399947717593101	0.475480792374077	0.000591578362506451	0.773242804006576	0.000240186071337023	0.00000000309498338069147	0.556851265044545	0.351510033258725	0.316027368465733
1	2195716	2200716	2196343	2200288	0	5	2.24691159116332	0	0.164003858142396	0.970084633429983	0.123765470598053	0.267625755091243	0.0897346235014698	0.000928843344685903	0.770629892462452	0.0690089099469631	0.154440140989825
1	2198216	2203216	2198577	2203083	0	3	1.06540417256889	0	0.186025992682936	0.479431053777914	0.683941588470541	0.0588321662990863	0.892360733359566	0.908607751200357	0.456176147742213	0.0906719193753989	0.252973642825141
1	2198216	2208216	2198577	2206964	0	3	9.61973593353181	0	0.000956882000110904	0.0000000000000267563748934663	0.00000185014665421424	0.000000000000000444089209850063	0.0000405003309285057	0.000000206817308612273	0.783306030833597	0.000322768353146041	0.0244280687698866
1	2200716	2205716	2201691	2205498	0	1	6.18483999537586	0	0.00156259054084473	0.00000000660734555957276	0.0109613531710273	0.00000000828630675187014	0.928214544171172	0.0101126974917334	0.39496850135868	0.000536873544965566	0.0177867413813759
1	2201216	2202216	2201691	2201843	0	3	0.556874294946582	0	0.742412961665347	0.710999437131934	0.575557768368939	0.197239985517559	0.291951382704013	0.982804099151927	0.55913797329122	0.777132775517101	0.811400784003052
1	2202716	2203716	2203083	2203251	0	1	13.7323380766414	0	0.034119071145408	0.0000000000000000000453837403263112	0.0000024504077777987	0.000000000000000000189534124009024	0.931933976828094	0.00000138563949858561	0.0180028675670587	0.0493327814369335	0.0815368995470638
1	2203216	2204216	2203251	2203994	0	1	12.3364488535515	0	0.0132186828680563	0.0000000000000000104732419110523	0.0000227263655805388	0.000000000000000022897688082145	0.983323645026413	0.00000683950682256462	0.65545996359964	0.00579870177935782	0.0178203703758124
1	2203216	2208216	2203251	2206964	0	3	8.28065993728799	0	0.00151554207930371	0.0000000000000577315972805081	0.000000699172127749392	0.00000000000000366373598126302	0.0000193722209145264	0.000000172386236396704	0.319430290342655	0.000526635621947214	0.0127112252717951
1	2203216	2213216	2203251	2211145	0	3	9.24565970934255	0	0.0032428545270291	0.0000000000000257571741713036	0.00000117279252576097	0.000000000000000666133814775094	0.0000351494409054354	0.0000000296020628010041	0.607965140681303	0.00112524119482227	0.0266097501293081
1	2204716	2205716	2205299	2205498	0	0	2.23289623252274	2.23289623252274	0.00568539234653653	0.971978532560029	0.970207328177959	0.97202429916665	0.969822453101269	0.974088634600891	0.273537133784946	0.00261616739420778	0.0070078637756682
1	2205716	2210716	2206964	2210178	0	3	3.18040859937	0	0.850026064258315	0.000000000669424959909293	0.00000017077500369389	0.000000000000441868763800812	0.0000000000453977966330399	0.000000000138692168860644	0.59663755099076	0.840474025742494	0.917054354961681
1	2208216	2213216	2209835	2211145	0	3	0.281524753790887	0	0.869898878301508	0.959393937451889	0.679696294668304	0.45492941346211	0.687445919211987	0.973505782510198	0.645391805338288	0.852533527648177	0.9293819187636
1	2208216	2218216	2209835	2214051	0	4	0.143064816937736	0	0.921011741002165	0.946459950118857	0.821895574727714	0.764714878525567	0.5912236866041	0.70466462505544	0.942350735110165	0.890218896215009	0.91365770972368
1	2209216	2210216	2209835	2210178	0	4	0.217327959233889	0	0.851862797679532	0.907554723688953	0.566270951215064	0.520534327240231	0.516465948531539	0.972920226559894	0.642457179432722	0.742115040989461	0.931023958429889
1	2210716	2215716	2211145	2214051	0	4	0.949954848034222	0	0.80379577044511	0.812634999776752	0.674014263594055	0.555568797814211	0.0756335071443882	0.395904634974991	0.681205007654936	0.804554001912266	0.862872190461014
