chr	start	end	actual_start	actual_end	signal	kappa	tau	W	P_KS	P_KS_k1	P_KS_k2	P_KS_k3	P_KS_k4	P_KS_k5	burden_MAF<0.01&MAC>25&Beta	dispersion_MAF<0.01&MAC>25&Beta	singleCauchy
1	748573	758573	750230	755435	0	1	0.256928884802869	0	0.724417623911478	0.538101279677727	0.973250325027199	0.972283486523826	0.97145097980956	0.986391150405926	0.733320360364591	0.61136452455131	0.789804906357251
1	751073	756073	754433	755435	0	0	0.144192103517799	0.144192103517799	0.687166720088422	0.775440887691321	0.957754545231476	0.972738103751418	0.957046057023279	0.977904538325878	0.415798106768822	0.563707581853807	0.856631263272552
1	753573	763573	754433	759600	0	0	0.227600292109081	0.227600292109081	0.575129901501534	0.972049643107618	0.970100711343287	0.971437621355598	0.967901787045413	0.971328741483882	0.745597818717205	0.262812339790241	0.688205167177592
1	768573	778573	775426	776556	0	3	0.845132677121374	0	0.943560792798335	0.969521521344134	0.975953403013061	0.13854900164238	0.970379875547257	0.96992036430057	0.62508546239536	0.736059753512892	0.979374691238398
1	773573	783573	775426	781367	0	3	0.0807918245562413	0	0.94288869660016	0.97000313840076	0.976303678432619	0.805371003302794	0.972290900350642	0.970035914215032	0.903843049459344	0.889545465025109	0.969964964526594
1	778573	788573	781367	783711	0	0	0.122203368051705	0.122203368051705	0.733699553457608	0.972123905073911	0.973939706151442	0.976031552679831	0.97124539015321	0.969483100418626	0.550834646289158	0.849143560733522	0.671263852039237
1	788573	798573	794283	795319	0	0	1.06434351623451	1.06434351623451	0.0801689038684763	0.68347953678099	0.899581728897991	0.975072936480115	0.929714194969005	0.975228498350635	0.122273782328767	0.12108221017911	0.0472736258957349
1	793573	803573	794283	801848	0	0	0.778987955498627	0.778987955498627	0.113800031919893	0.533102473319616	0.684116931937266	0.975318642562452	0.618993943574302	0.879109422442746	0.120965952053738	0.221218452128537	0.0722815673963449
1	803573	813573	811215	813554	0	4	1.71012611771316	0	0.886247752604637	0.917489877909278	0.937191685311567	0.903989766827794	0.0176212777457063	0.76257758637364	0.858012303475619	0.9249241429441	0.837249145247441
1	808573	818573	811215	817145	0	4	1.53005684487252	0	0.682961338894654	0.728386072214126	0.952334451003974	0.335552494707603	0.020152980048679	0.128489711747363	0.520110790011803	0.785350092081758	0.6787117245597
1	811073	816073	811215	815338	0	4	2.05073354041959	0	0.777294720569095	0.969435019149602	0.971385848348801	0.873150786929893	0.00835109223779229	0.938591940973075	0.743652298075493	0.824700041321272	0.745965377624591
1	813573	818573	815338	817145	0	3	0.742721823635885	0	0.332038802301847	0.289521281361363	0.811372614814525	0.0523550608351772	0.271276985356336	0.12497606015836	0.287100884100994	0.369778222138138	0.346259029974436
1	813573	823573	815338	819467	0	3	0.737512027783156	0	0.451376969097129	0.489908882404466	0.969810278124426	0.0832563167608988	0.454913915372368	0.225282791550962	0.658545223931784	0.386035241036735	0.320704115179359
1	816073	821073	817145	819467	0	5	0.300116471686448	0	0.878995608819342	0.32591893018976	0.343139810131166	0.474287006835218	0.358603010527333	0.179679056952443	0.962813707479814	0.382834532137487	0.321644159191322
1	818573	828573	819467	825125	0	0	0.761722630150242	0.761722630150242	0.104080988491679	0.395526052774007	0.261663128834908	0.763738583180971	0.601303924526994	0.972723731580768	0.931388192503763	0.0358776638221867	0.0684512910697094
1	821073	826073	824876	825125	0	0	0.9451468886057	0.9451468886057	0.0533725489769192	0.291548063677913	0.303734931849675	0.555278971971944	0.470397313786604	0.939742641328486	0.387488190150959	0.0290939028187862	0.0490014574296065
1	823573	833573	824876	830791	0	0	0.294702223160492	0.294702223160492	0.406425721440279	0.476226952159022	0.80109386993218	0.807098449011748	0.416904723675092	0.935444781576042	0.875842904937087	0.226192914250657	0.136973372441554
1	826073	831073	829171	830791	0	4	0.663289132441256	0	0.717152529794529	0.969658730989977	0.980840723370004	0.877041333220892	0.210537654248793	0.971993141582925	0.518980712988224	0.831720271519371	0.68686265902939
1	828573	838573	829171	835207	0	3	10.6436448918686	0	0.462340557253807	0.918680420958151	0.82850600449201	0.0000000000125062182831925	0.366577917224175	0.550517205210468	0.278766652349336	0.733726070826051	0.371967782292571
1	829073	830073	829171	829743	0	4	0.192958648511434	0	0.625093159895094	0.708459117215475	0.897398196912377	0.511845513400562	0.454314026174205	0.972334965684495	0.465093175977167	0.709943111589684	0.666912605749926
1	831073	836073	834137	835207	0	3	20.9300318225117	0	0.285670998067084	0.905511076590853	0.665551745604031	0.00000000000000000000061737017242684	0.525505741922603	0.218453793018972	0.337233585411783	0.402621839887777	0.185599576893799
1	833573	834573	834137	834204	0	3	1.64338019894678	0	0.140027221408531	0.975572592340736	0.969432664927822	0.0220255818484625	0.96896388162095	0.654257365584992	0.118138056424831	0.221233175333634	0.116666881928014
1	833573	843573	834137	843340	0	3	14.4616631588755	0	0.270190109570835	0.927181470840411	0.72471344688317	0.00000000000000199840144432528	0.578556655334206	0.419637855476747	0.472128389338247	0.307866805568889	0.156705473073553
1	838573	843573	843182	843340	0	0	0.13849071975266	0.13849071975266	0.705357556376536	0.970286620818118	0.969957262977981	0.970582494707293	0.968924898618818	0.970529003124825	0.945808747222934	0.224805853426566	0.126284179837067
1	838573	848573	843182	848527	0	5	2.56038357859572	0	0.421834547116267	0.314366826941504	0.12947934811419	0.726148463406507	0.670839849702381	0.00116080311756839	0.80083290490069	0.246162590537772	0.233215091982171
1	843573	848573	848358	848527	0	5	5.90486643215127	0	0.519210013988394	0.16265763860951	0.00762502899490281	0.649775562247297	0.569745102499026	0.000000646363208289813	0.760459350075393	0.322057561560845	0.418699176822948
1	843573	853573	848358	853478	0	5	3.29626927278001	0	0.4835829429993	0.246021234731245	0.117621232420021	0.572799918614344	0.769775391191202	0.000244456562884188	0.396549609781922	0.544118874242208	0.513546786085635
1	846073	851073	848358	850487	0	5	3.67237784008893	0	0.629098219234523	0.229694575598842	0.0638545388643044	0.45805065467735	0.697403681142502	0.0000973947771267802	0.71136751448671	0.583178552830972	0.574411992045819
1	848573	853573	850487	853478	0	3	0.15967349578772	0	0.550886220239169	0.671275656721538	0.864887001603378	0.464758565257828	0.972919343646141	0.533902717049716	0.3975069082604	0.598345887708483	0.647108607430969
1	848573	858573	850487	854838	0	3	0.25258052490178	0	0.634803419455563	0.92890417125355	0.97042156951002	0.519266598993998	0.970824204888352	0.743593430123535	0.715707073861632	0.616568769595699	0.551744153008624
1	851073	856073	853478	854838	0	0	0.292876395948758	0.292876395948758	0.49465031508923	0.975877600953076	0.970296296633902	0.97246571683719	0.968885824632235	0.9709004133983	0.760054285307521	0.354008764060955	0.322898776173002
1	853573	863573	854838	858867	0	0	0.576350755159347	0.576350755159347	0.257106121337788	0.969817103857115	0.969498472389289	0.963352282625609	0.969311068331551	0.966368784794492	0.165294418290618	0.352004935015867	0.323819249311608
1	858573	868573	858867	868337	0	2	1.28898107418415	0	0.350557704004395	0.94735707677895	0.0431410774526462	0.916044221976247	0.83921272728361	0.225384102388539	0.151201695069387	0.62232101989662	0.505754278403207
1	861073	866073	865628	865738	0	2	1.71223832032065	0	0.419133288421191	0.949435581963137	0.0148376712610587	0.90528182050895	0.764898950567053	0.157858393365602	0.300359959978315	0.528637793950958	0.454358471734887
1	863573	868573	865628	868337	0	2	1.53369424870564	0	0.515947114030284	0.933308120198466	0.0221020395408238	0.898287833099738	0.755312375043488	0.220171772419984	0.292491475552238	0.682496724383703	0.583337996429176
1	863573	873573	865628	871748	0	2	1.06861521886502	0	0.810231586638914	0.974612585523099	0.0793674387491571	0.968826625260524	0.929517529388179	0.368880789322944	0.400705894092165	0.919180809206767	0.731531815451063
1	866073	871073	868337	870873	0	1	0.000945544443401296	0	0.977488688265657	0.970061443199385	0.971265926216088	0.972121976256114	0.972175758421948	0.972580428427174	0.962972564757058	1	0.850544977173599
1	868573	873573	870873	871748	0	1	0.00138543193819522	0	0.974239450482645	0.968335457876061	0.969462461376665	0.98493000134339	0.969775718532629	0.971429452956574	0.907516585734939	1	0.840337623433467
1	868573	878573	870873	877981	0	2	0.00190060477718309	0	0.973403418130658	0.972584033720051	0.966690482532319	0.967090403223995	0.970930284743254	0.970210696073422	0.888038093109544	1	0.78832999963757
1	873573	883573	877981	881070	0	0	0.55212228203999	0.55212228203999	0.272829893998259	0.973672650472322	0.520952986621168	0.347431658402382	0.976739723654	0.972779111283954	0.127216632410508	0.457613850415479	0.469402615842579
1	878573	883573	880483	881070	0	0	0.52921868709943	0.52921868709943	0.287196022084704	0.971397781650866	0.53613779805132	0.930210935918248	0.973330394438555	0.973489069733621	0.157397608371474	0.399476632244694	0.440796786427026
1	878573	888573	880483	888205	0	3	0.73186005312033	0	0.524731106679724	0.821981750261486	0.971061037032129	0.160625695520266	0.918680413814311	0.866313484327776	0.761093823508741	0.392609543797404	0.355510414809944
1	880573	881573	880751	881070	0	0	0.60427027340626	0.60427027340626	0.24076138292131	0.966372975930062	0.972025211702552	0.921089058344875	0.970885020270345	0.967959312963408	0.162219010075626	0.335122997438964	0.281342706439506
1	881073	886073	883666	884453	0	0	0.780069545012214	0.780069545012214	0.117434107300604	0.438351504761495	0.951639394978262	0.123111222545861	0.707723791939405	0.785066626525143	0.0705996442746974	0.16920809012701	0.175661605250286
1	883573	888573	883666	888205	0	3	0.401461128252744	0	0.297347500857192	0.680720755238661	0.886601816894669	0.27008960158816	0.62941567926594	0.870872815661174	0.259746576155275	0.336350406750817	0.302900001575084
1	883573	893573	883666	893194	0	3	0.450637384640931	0	0.446660809210513	0.60512813029311	0.838306747251311	0.214392682181036	0.270534232476387	0.879888005030617	0.565408514996228	0.469834978841294	0.323144765295139
1	886073	891073	887269	889876	0	2	0.914131008103349	0	0.577286768948324	0.675903915057996	0.0917801559305953	0.972698233840549	0.753147084621731	0.896764805887617	0.475950363445817	0.693176252607531	0.539421169518172
1	888573	893573	889876	893194	0	4	0.528463059990436	0	0.575467866618632	0.541437679028193	0.500884633881982	0.430618590242085	0.160356074178275	0.97500312094579	0.77827803740329	0.50881311784748	0.35283500543328
1	888573	898573	889876	897009	0	4	0.695528328321623	0	0.672740872840784	0.193570411899826	0.492373230508302	0.578567222003918	0.116634087854811	0.848764549935114	0.813512121790554	0.58451212946081	0.509661668385757
1	891073	896073	892237	893981	0	4	0.864609153220607	0	0.364622203151408	0.101581359262957	0.743201119405105	0.394480448853542	0.0538786034882121	0.580418707819811	0.393102242311801	0.394777993096897	0.312840204358315
1	893073	894073	893194	893981	0	4	1.05940579808671	0	0.199622945671652	0.0799853066115364	0.263825830090034	0.314407632684514	0.0230097296056739	0.380987239204437	0.123050533521596	0.297365748403555	0.259247209859975
1	893573	898573	893981	897009	0	1	0.65440910434241	0	0.535866173045635	0.0498895588541184	0.225122430065405	0.629727501706461	0.142741599223229	0.224530918605753	0.372019544108462	0.48132185927282	0.719274788065635
1	898573	908573	904732	907740	0	0	0.318496079837192	0.318496079837192	0.449900845755528	0.936726678640255	0.972456606309724	0.676384559364239	0.702521735417235	0.971907905593587	0.078354206039691	0.380626125766525	0.920056313340146
1	901073	906073	904732	905894	0	4	0.244675250859985	0	0.737653853256987	0.793852721352533	0.972387615594475	0.609203129265641	0.451923252158902	0.970546565784574	0.513912793472199	0.834667725288631	0.74730095011108
1	903573	913573	904732	911181	0	3	2.17507849269241	0	0.309491924445459	0.609081923033451	0.660576140843547	0.00407002631842746	0.194776476886709	0.643127081124209	0.0608331333422076	0.51590136161928	0.89985274095921
1	905073	906073	905871	905894	0	5	0.651981620120554	0	0.748284112308883	0.975523006145486	0.974656780779837	0.745487728669814	0.285688490253549	0.16675731897755	0.670554098833672	0.756350291100059	0.795170434108753
1	905573	906573	905871	906429	0	0	0.742631885925668	0.742631885925668	0.160534340053848	0.973013668472374	0.972815849732866	0.328759679730444	0.577236568211802	0.88756431516982	0.0802410580138378	0.26461944986931	0.318625070525696
1	906073	907073	906302	906429	0	0	1.1942912296572	1.1942912296572	0.0558340431701607	0.970866066332633	0.8733539879343	0.193937853019484	0.797108264988448	0.972193830181399	0.0309478948225076	0.0768793276123434	0.116272944548796
1	906073	911073	906302	909053	0	0	0.450343699008647	0.450343699008647	0.309383994821386	0.961413260447318	0.931960258448355	0.489980398150506	0.866176730776372	0.872652911218233	0.0599277303794925	0.137653253894648	0.94137204612175
1	908573	913573	909053	911181	0	3	4.08383131032769	0	0.670672191312627	0.00708243924664154	0.0257561729266034	0.00000212348903094739	0.00169018703779056	0.10702433419375	0.507737685352385	0.773518764259322	0.671685226730292
1	908573	918573	909053	917887	0	3	12.0626738330428	0	0.67038441453838	0.0000000672528790435223	0.0113542613641372	0.00000000000000954791801177635	0.00000000003149902561006	0.0110301778260659	0.749680043517863	0.399858281518547	0.766080651415098
1	911073	916073	911181	915669	0	3	3.59453637914539	0	0.551080371039668	0.000227725822912306	0.00303822353284089	0.000000772828882111831	0.0000145483837187266	0.00416025058428526	0.36107666250867	0.277700615014817	0.837948798383731
1	913573	918573	914521	917887	0	3	7.91724392588643	0	0.851037755908469	0.000000425915278157163	0.606866389710358	0.000000000475247174946958	0.0000000010589091825608	0.039279275601403	0.946789950633783	0.212738017485444	0.788390988283925
1	913573	923573	914521	923411	0	3	3.98866891088925	0	0.556259475933391	0.0017815187580843	0.833318196012132	0.0000242312770930564	0.0000934628049453767	0.236072399768959	0.814845299240192	0.293583365915673	0.42891287931994
1	914073	915073	914521	914727	0	4	1.78779639119697	0	0.600600436945418	0.0097800952364322	0.0225737854373973	0.0329649829666612	0.000367966262485031	0.00394835164435925	0.459571851709933	0.681862460266726	0.638771287977342
1	915073	916073	915614	915669	0	0	0.437268336842243	0.437268336842243	0.196317053973657	0.197595802458769	0.439146290311581	0.537311783612434	0.975083448366896	0.605058109895083	0.0942316932184503	0.0642786824342272	0.920726485206445
1	916073	921073	917222	920513	0	3	5.65214596360936	0	0.750006159464578	0.00136742482432406	0.950794090938125	0.00000150571530710408	0.0000907920444186416	0.675909933467734	0.826817583913941	0.793875572529376	0.507965515292521
1	917073	918073	917222	917887	0	3	12.1521054036509	0	0.307921627013897	0.000000697691344142548	0.987162263426531	0.000000000000216937579011756	0.000000000256430432443722	0.931768237689278	0.214793799150502	0.42282029653799	0.335005898567248
1	918573	923573	920098	923411	0	3	0.420242691673645	0	0.305125045587869	0.517794595256992	0.862841340410189	0.196750036355692	0.746268968614113	0.319857540376272	0.707061014342153	0.382700080947895	0.121935388474856
1	919573	920573	920098	920513	0	3	0.649569333005759	0	0.74394183054348	0.363166442869048	0.820871425014399	0.129463720444269	0.577720018309472	0.195425807935101	0.558444385917116	0.857458585424483	0.676758241487665
1	921073	926073	922011	923411	0	0	0.283229096742821	0.283229096742821	0.505733233600005	0.97084654723925	0.972332665906635	0.970101845938547	0.972281212532666	0.970779298630507	0.957472827073194	0.161207412828537	0.0564112416765501
1	923573	933573	928613	933315	0	2	0.214084032223318	0	0.977166978271812	0.6572175046957	0.559728388269391	0.567944342001023	0.960504153620968	0.916349962065451	0.771285092053516	0.998850426862739	0.963927991179371
1	926073	931073	928613	931057	0	2	0.180967333900677	0	0.975019574484416	0.87105840466224	0.641969170932025	0.973826316124052	0.923502665128186	0.975008582230783	0.72804018779993	0.99401744092654	0.942313197731616
1	928073	929073	928613	928980	0	4	1.02397001534778	0	0.986520442199232	0.911167889560529	0.25694840953699	0.942568316691373	0.0891954748783472	0.971754998358281	0.997927907936637	0.999326713311924	0.9558254966188
1	928573	938573	928613	933744	0	2	0.182541485213649	0	0.898852459315826	0.957772696065472	0.61150161687695	0.702993004028037	0.970142746102783	0.930977306843074	0.656683363524075	0.795359061833628	0.95636906735627
1	930073	931073	930467	931057	0	2	0.362373232391694	0	0.89302771213739	0.516049069730969	0.387696342200188	0.952368086095788	0.828073731578085	0.952973729716345	0.631052220332718	0.918683946999034	0.927635292471844
1	930573	931573	930911	931057	0	2	0.512201106028771	0	0.977402212194573	0.58319312102583	0.254691037789579	0.976086848329737	0.689164218180192	0.828351702276425	0.919208244299354	1	0.95149263236611
1	931073	936073	933315	933744	0	1	0.175313963839989	0	0.91027442818885	0.198415289428092	0.274653614818364	0.297090728483849	0.866590070693915	0.255325821539481	0.287197633118066	0.332343472992128	0.97293084891949
1	933573	943573	933744	942839	0	5	4.79948778517711	0	0.918241926367858	0.224800606764925	0.313007678262643	0.00341057182221149	0.601469736077026	0.00000496669173832842	0.776251610040655	0.585462263790673	0.968168902416101
1	938573	943573	940945	942839	0	5	4.86013651948712	0	0.970565359975287	0.147034990711164	0.250556012548095	0.00216314445933241	0.517525183712593	0.00000345754872776993	0.681541809604451	0.98209881440443	0.977214001994686
1	938573	948573	940945	947136	0	5	4.65001300413592	0	0.75407721114414	0.672865254559015	0.417712608453121	0.00689492594120567	0.290113235947572	0.00000935114045730323	0.575667287251753	0.233299044094868	0.921004656925995
1	940573	941573	940945	941188	0	5	5.37007620888166	0	0.925273582188131	0.0790436573497749	0.184889666658592	0.000950609634180477	0.493810209965847	0.00000078856306318098	0.602551835103527	0.760520004063103	0.971505816610805
1	941073	946073	941188	945931	0	5	4.65649831441156	0	0.46951949188203	0.333106210724114	0.28742586803052	0.00643195294266064	0.326193014585771	0.00000719409787386383	0.643730432088026	0.162083814046473	0.752840019548685
1	943573	948573	944189	947136	0	0	0.745585130472998	0.745585130472998	0.113237041972845	0.968712091281801	0.941534525769666	0.59157284446987	0.220901341504771	0.6303382279825	0.709309572695205	0.059432809417616	0.0873291222034939
1	943573	953573	944189	952846	0	0	0.700696286412592	0.700696286412592	0.187606224381144	0.973844651643497	0.955338696102505	0.941767132719945	0.587700245376512	0.918392864811885	0.485464782913958	0.135212698278354	0.134179394979802
1	944073	945073	944189	944888	0	0	1.07999135281227	1.07999135281227	0.0530754852838233	0.638094977905434	0.781326045046301	0.835014514333786	0.555723704609767	0.238258183784832	0.397946029488192	0.0305328947258902	0.0445416157668571
1	948573	953573	952068	952846	0	0	0.321356429909309	0.321356429909309	0.462883921320407	0.969978320220417	0.970126851616086	0.978577048439946	0.971964430864689	0.968842763297829	0.531724208012628	0.504681615884029	0.361162926263001
1	948573	958573	952068	957040	0	5	0.55159352174784	0	0.632465341152787	0.550901485512618	0.977403295829118	0.973915365500048	0.974690259684765	0.273481338008462	0.707137980852374	0.666299386221332	0.496404879777395
1	951073	956073	952068	953788	0	5	0.455613200120335	0	0.57687229190595	0.411364654703916	0.957596193704515	0.973588661452682	0.974415571976629	0.335404751729362	0.756779042136863	0.535564918064754	0.37429807777047
1	952073	953073	952641	952846	0	0	0.0835765980015888	0.0835765980015888	0.803272037761944	0.97450894673699	0.963856616156289	0.973800657353575	0.97373156208295	0.970945195614733	0.903072903989177	0.718905325082381	0.567810320784431
1	953573	958573	953788	957040	0	5	0.623817941531152	0	0.748737594206934	0.325371196036864	0.973417961903614	0.973137544826013	0.976196290971335	0.231396234253161	0.774695754419552	0.770348662268642	0.688104046914383
1	953573	963573	953788	962890	0	2	1.93680981132021	0	0.904043070900524	0.142971546965821	0.00664088725517242	0.958102883915499	0.0315977422704649	0.574163946627061	0.666571333442261	0.95995530905806	0.774146303787026
1	958573	963573	961606	962890	0	2	2.47626059596323	0	0.972371667422188	0.658283756025185	0.00267727454550992	0.89740156635069	0.0111177686154733	0.801592241142493	0.749676381365945	1	0.827254119702094
1	958573	968573	961606	967007	0	2	1.7296029386761	0	0.768613809320733	0.676861511106415	0.0143253500904321	0.855906051104114	0.0483582960590937	0.943125534620517	0.761385955159564	0.789221136070046	0.752554345374944
1	973573	983573	973773	983243	0	3	9.07502526825219	0	0.520402211606441	0.0647430475990055	0.48025904464563	0.0000000000544713163463939	0.000649877711331293	0.000000129318178387905	0.65889139792462	0.479247173747102	0.410922016547928
1	976073	981073	978668	980868	0	3	8.69579186870594	0	0.907320678131044	0.0106099672528428	0.0323650789019627	0.0000000000213757900269229	0.000046963546893708	0.0000000000411530809429905	0.66489832893276	0.962695494897767	0.741363717161712
1	978573	979573	978668	979556	0	3	10.8619313408539	0	0.734043477582759	0.000727083150042773	0.00364941366595861	0.00000000000000999200722162641	0.000000696239478736871	0.0000000000000190958360235527	0.56980866668006	0.823879120964986	0.728166558119688
1	978573	983573	978668	983243	0	3	9.07777802722563	0	0.464644073195355	0.0563222611209568	0.494300969111634	0.0000000000470871119873095	0.000530283253661223	0.0000000284102895653504	0.464052908121288	0.494652741531098	0.435826147710453
1	978573	988573	978668	986628	0	4	35.1420311727816	0	0.637950436054081	0.37613777321542	0.136349807363524	0.000000412926804083114	0.000000000000000000000000000000000000983158087113508	0.000000402052183323676	0.719037525171501	0.682064255753492	0.475292980403439
1	979073	980073	979556	979922	0	3	8.3519379533956	0	0.971841721201799	0.00312678613483841	0.00992579077103772	0.0000000000139046552050104	0.0000143791889500866	0.0000000000265911737074021	0.700297647715572	1	0.788404057784311
1	980573	981573	980868	981353	0	4	1.02278693725957	0	0.724720064902106	0.350959469944796	0.970112428049531	0.970703389654538	0.0910987532339105	0.960062199518521	0.552663720387831	0.809920400043861	0.736752384289222
1	981073	982073	981083	981353	0	4	1.08742024274094	0	0.675273944143657	0.337857840097954	0.983124658980355	0.970151849132648	0.0594869773365647	0.727515322775819	0.618990885727346	0.658162567956058	0.73456394927694
1	981073	986073	981083	985855	0	4	32.448405349022	0	0.31419293510234	0.806436932862891	0.707330616257145	0.0470767469392275	0.00000000000000000000000000000000166271019328433	0.466897886766233	0.381325099485361	0.296475285433609	0.276341311339718
1	981573	982573	982425	982539	0	0	0.98795008486811	0.98795008486811	0.0754261905665815	0.844573322582746	0.974390808996082	0.361345908568899	0.559515616940074	0.73362185191594	0.0679620984015159	0.0771772672422296	0.0825927066891369
1	983073	984073	983243	983583	0	3	3.63177493279631	0	0.607066553127428	0.20218173573958	0.424537331483137	0.0000991153577665216	0.234422221095119	0.732147180512652	0.818418505893854	0.470543585333972	0.374288735961049
1	983573	988573	983583	986628	0	4	31.4095539166459	0	0.707403895119214	0.967897599144777	0.156746063798465	0.960291558985123	0.0000000000000000000000000000000275494878823323	0.00461607499771022	0.800221064184613	0.719512042164025	0.526993831962751
1	983573	993573	983583	992901	0	4	29.4892244473001	0	0.790771178128284	0.952534315586391	0.39104283585547	0.969297697415403	0.00000000000000000000000000000256345905212425	0.0139787164572673	0.690454512140757	0.883045226425817	0.673709688430763
1	984073	985073	984660	984669	0	4	49.8848021552432	0	0.625396267449691	0.593299824600122	0.0846020179474221	0.0875727696574969	0.00000000000000000000000000000000000000000000000000114173924701633	0.0135041548661231	0.81563501412037	0.488309559770451	0.423451043134065
1	985573	986573	985855	986460	0	5	1.50423661855822	0	0.584143436001874	0.973340562777269	0.977861417708711	0.615909088620549	0.986528346561071	0.0304809293198368	0.470646829071104	0.616162659296955	0.653252970983361
1	986073	987073	986165	986628	0	5	2.69648700433924	0	0.971995781379477	0.974253334185022	0.609214696717755	0.188940342593925	0.867194892504619	0.00174433424503184	0.794574834598805	1	0.726593787419787
1	988573	993573	992027	992901	0	4	1.05404779356099	0	0.972916531033772	0.970424967702525	0.596470830531959	0.972413706184574	0.0856868481355942	0.222714273268188	0.73641248984489	1	0.875964096161637
1	988573	998573	992027	997929	0	4	0.23732309146504	0	0.819740714664877	0.273749784596657	0.456804081853032	0.509500962927719	0.26448855536651	0.274953426095103	0.665601523620393	0.890560004611698	0.797380775534325
1	991073	996073	992027	993658	0	4	0.62660049803243	0	0.984609866524709	0.130499826788842	0.509434617907428	0.678464086415841	0.12036160087604	0.139739737809241	0.988883966245382	1	0.818154608151701
1	993573	998573	993658	997929	0	1	0.641124346685243	0	0.689398025110189	0.0739862915707368	0.274703004956957	0.323799076908649	0.607059515321877	0.2986562185037	0.720858821643546	0.664265232806567	0.679257814913924
1	993573	1003573	993658	1002809	0	0	0.572306367670306	0.572306367670306	0.153648265595892	0.754103754785374	0.471744191665791	0.573897099633091	0.967936147989697	0.372376438079161	0.150208452637326	0.14906229800565	0.162301402316472
1	996073	1001073	996765	1000589	0	2	0.34541676073291	0	0.663197705812406	0.598664182712458	0.299382392332544	0.659885957619842	0.801983614948193	0.807273069112437	0.763665427565258	0.609451352718696	0.57524155883584
1	998573	1003573	1000210	1002809	0	0	1.13029763042776	1.13029763042776	0.0587836143491264	0.906844543798549	0.793512761995417	0.507478746884281	0.814617953795482	0.626235854712427	0.041391416328976	0.0743167286826113	0.0742690738458772
1	1000073	1001073	1000210	1000589	0	2	0.173946919774773	0	0.34780002614212	0.254699653946037	0.233014362346666	0.319839872340389	0.5759651940804	0.564754013565603	0.315302693693487	0.397804807770575	0.335885681927785
1	1013573	1023573	1022530	1023444	0	4	1.51570187085611	0	0.178597322298617	0.981393252200065	0.842512555272379	0.106742819430265	0.0132389258063903	0.434064850488396	0.130325629500899	0.263785680422395	0.182166806488378
1	1018573	1028573	1022530	1028496	0	4	2.11346887063869	0	0.451476682180683	0.00178846004996092	0.00463798893644474	0.213283303416187	0.00159769557904166	0.20747362932634	0.342761268001531	0.568990060466809	0.454918215701574
1	1021073	1026073	1022530	1025751	0	4	1.38816309106755	0	0.185664303476565	0.979149678294654	0.938144332338167	0.116071080443504	0.018212347453511	0.445173207022574	0.103315455937237	0.332939919743933	0.250739091219324
1	1023573	1028573	1025751	1028496	0	1	2.56686740536964	0	0.897933234997081	0.000588861509057792	0.00167353283420657	0.255014935949192	0.018325669273221	0.217210378786117	0.958304711917242	0.729765402559982	0.663043013453742
1	1026073	1031073	1026939	1028496	0	1	2.62474266999566	0	0.753848112295046	0.000474363823806723	0.00134316376563703	0.228507485964039	0.0146900465267138	0.199919073855389	0.837657435355361	0.666230349292308	0.69656881752189
1	1027573	1028573	1027677	1028496	0	3	0.946556318143832	0	0.722545532036699	0.105144869145461	0.195953385173865	0.0473775340526998	0.418917758006279	0.756973919830518	0.547000092195506	0.773593087203134	0.780586073479999
1	1033573	1043573	1041146	1042182	0	0	0.219231072953702	0.219231072953702	0.587106521629961	0.972949205931265	0.971836685990201	0.972630709116793	0.978929715532546	0.967784148850944	0.387454200787476	0.518922299114061	0.772397989710043
1	1038573	1048573	1041146	1044596	0	0	0.212764434372108	0.212764434372108	0.59570246486792	0.972285550253611	0.940393069951022	0.972940049523085	0.978567658530656	0.972141666849871	0.317619613583498	0.67545613110462	0.743597269204153
1	1040573	1041573	1041146	1041562	0	0	0.246588480926712	0.246588480926712	0.551160069014577	0.937882535794455	0.973293002815808	0.97244764019679	0.976016375475344	0.811522634654152	0.405574017619337	0.432223432485925	0.751305802473871
1	1043573	1053573	1044596	1049232	0	3	1.26612708233405	0	0.427628238432276	0.971186068888598	0.0564993600683839	0.0408353630493385	0.753639240799023	0.968209978817433	0.227652317376213	0.664883221966837	0.464274545445526
1	1046073	1051073	1049231	1049232	0	3	0.97927892785809	0	0.343927823834788	0.828185489673957	0.0798854319035134	0.0391368893926227	0.373134351360776	0.427138871051865	0.230326329704668	0.466151155185495	0.389245651975586
1	1048573	1058573	1049231	1057989	0	3	0.987786079375914	0	0.670580288374819	0.971487750146726	0.28335138176696	0.07057680769977	0.686195854477859	0.976994488238792	0.871639644022151	0.45725532983098	0.371479460689495
1	1053573	1063573	1057989	1062993	0	3	1.97195975124453	0	0.387439937947292	0.97107193363476	0.968093287595884	0.0103266024411542	0.966993401646655	0.979532090402179	0.583819500169477	0.398376119921273	0.242780974708028
1	1056073	1061073	1057989	1059199	0	3	2.18556727945677	0	0.908088335752908	0.972534232897719	0.967082675562606	0.00631015881639407	0.967403310700831	0.989776022853115	0.976268005071408	0.237681842992815	0.135365318751053
1	1058573	1063573	1059199	1062993	0	0	0.707604868550462	0.707604868550462	0.184707438406217	0.843138195266091	0.972711958394056	0.570126261441724	0.973292297856725	0.942083188660518	0.103845500515237	0.375947761030674	0.219870374227202
1	1058573	1068573	1059199	1065867	0	1	0.527530789801774	0	0.368544954607161	0.269041138423685	0.893598373785643	0.906461747731055	0.973038783708856	0.977040224170805	0.413514229799656	0.473713143551009	0.257631055571325
1	1061073	1066073	1061202	1065867	0	1	0.643052261750832	0	0.759387940600029	0.207308748788868	0.911317882149385	0.811790566302522	0.960582488917398	0.938922048382155	0.878587940576547	0.688640624234592	0.504989805322677
1	1073573	1083573	1076174	1080278	0	3	2.93860002269467	0	0.575821250560497	0.00225555429145241	0.480077052186206	0.0000025980844428064	0.00133437112603851	0.00019676193244389	0.589865962709934	0.60821650954933	0.52688139374517
1	1078073	1079073	1078598	1078835	0	5	1.42807836204992	0	0.694326124218911	0.855674641486302	0.97052474973832	0.976019537783307	0.465767493065985	0.031932307260759	0.581092419908188	0.640819376375997	0.798722712024941
1	1078573	1083573	1078598	1080278	0	3	4.85790395352186	0	0.366819480984092	0.000101136132147794	0.386347400787675	0.0000000014028214145867	0.0000708405328394557	0.00000308894082823308	0.221486226701103	0.442715144833146	0.514421851797245
1	1103573	1113573	1106666	1112496	0	1	1.55005964106104	0	0.667946500872341	0.0204660857332358	0.726263854298855	0.867499587204111	0.884132400434282	0.209678137247507	0.363741269685945	0.773042184030232	0.757472146384487
1	1106073	1111073	1106666	1110924	0	1	1.51010680957204	0	0.505290806714641	0.0156111388743743	0.861952443470338	0.88492462907356	0.377868473440098	0.147848272350702	0.321044077135526	0.606733947149294	0.60186884603211
1	1108573	1113573	1110035	1112496	0	1	1.55965038378113	0	0.563462288561591	0.0194044902979309	0.703967522245569	0.901382246375205	0.925696746645729	0.152347141591686	0.28001345593042	0.674553660582832	0.719095729361303
1	1108573	1118573	1110035	1118522	0	2	8.9424117947846	0	0.578017383672272	0.000000000000421440660147709	0.0000000000000456301663120939	0.0000399635303457435	0.0000105945444062172	0.000130285415399278	0.189506530419122	0.824857134311244	0.671211614212012
1	1113573	1118573	1116227	1118522	0	2	9.52660432236584	0	0.60027402076942	0.0000000000044229064855017	0.0000000000000042188474935756	0.0000141839812597411	0.00000102204890017887	0.00014475296964056	0.442744533013487	0.733584140271181	0.580258454431417
1	1113573	1123573	1116227	1122621	0	1	7.6455688242259	0	0.400785498099221	0.0000000000000000141476247212997	0.0000000000000000501950939140534	0.000000000675405953387553	0.00000000000257549537252544	0.000000000625536067389021	0.730901528056249	0.214878261689527	0.327029909701968
1	1116073	1121073	1116227	1120821	0	1	6.95717424370733	0	0.238347935816649	0.000000000000000096933979909569	0.00000000000000029857562428005	0.00000000152230406058607	0.00000000000712252479218023	0.00000000087831497630475	0.427316423935835	0.149028194806206	0.247132771736199
1	1118573	1123573	1120821	1122621	0	1	3.84472336227309	0	0.21317294708631	0.0000000000341275896431625	0.00000000390944665529247	0.000000738249777754163	0.0000000305582221749035	0.000000238687116738134	0.371339573554546	0.136748449443716	0.223974142086069
1	1118573	1128573	1120821	1126309	0	2	4.84958157296548	0	0.263275020281993	0.00000000004051059487864	0.00000000000828781487882679	0.000000586167337335297	0.000000000152840629041862	0.000000834216196565762	0.415404123642349	0.169336209948756	0.287474354052809
1	1120573	1121573	1120821	1121288	0	1	3.73096557988595	0	0.153098203293123	0.0000000000527230481495167	0.00000000497934604659633	0.000000505690123775437	0.00000000925958298925167	0.00000028376974547939	0.409320681426186	0.0950587844223377	0.135389347859126
1	1121073	1126073	1121288	1125283	0	2	5.54725507585624	0	0.66597073963418	0.126279823948612	0.000000358161493130282	0.0729990849544737	0.0000166879062377667	0.843130755845248	0.583412843598897	0.768045011977977	0.602827484275684
1	1123573	1128573	1124849	1126309	0	2	2.85674987636702	0	0.510270894905676	0.0694379525703694	0.000244253141584494	0.17562649522021	0.00218274782196537	0.872306888719741	0.794135984425599	0.298946726816945	0.353455055157498
1	1123573	1133573	1124849	1133099	0	5	7.27853091452437	0	0.358535289394369	0.00000000000000000000000000000000333064047677657	0.000000000000000000000000000000673391756134417	0.00000000000000000000000000261378880667112	0.00000000000000000000000000000000112351952320114	0.0000000000000000000000000000000000000354598489101369	0.729378885850043	0.198202724370934	0.264310997359969
1	1124573	1125573	1124849	1125283	0	2	5.62713204271866	0	0.773783820719443	0.0378723233431344	0.0000000946576479421424	0.040113240893175	0.00000272955545788101	0.805437169903179	0.812351040559664	0.79569822968092	0.684008145693312
1	1125573	1126573	1126298	1126309	0	1	0.85305530771817	0	0.247337315333679	0.0728533225174087	0.604808758401367	0.24821036566022	0.519403259284354	0.837739249543074	0.602605137145342	0.166010499778358	0.17392581392399
1	1128573	1133573	1131147	1133099	0	5	19.4142250237389	0	0.314441609078641	0.00000000000000000000000000000000000000000000000000000387843179820168	0.00000000000000000000000000000000000000000000302694315106867	0.00000000000000000000000000000000000000000000658310915390805	0.000000000000000000000000000000000000000000000000000982620987777918	0.000000000000000000000000000000000000000000000000000000000000000116621665885769	0.824030100338463	0.139848511198357	0.190027325378132
1	1128573	1138573	1131147	1137414	0	5	17.3978051176199	0	0.640439724706551	0.0000000000000000000000000000000000000000000000439791772062747	0.0000000000000000000000000000000000000034761344219645	0.00000000000000000000000000000000000000661210840462025	0.00000000000000000000000000000000000000000000615477046608095	0.0000000000000000000000000000000000000000000000000000000139088570819688	0.939011314706382	0.130264430141503	0.19396106540728
1	1131073	1136073	1131147	1134195	0	5	20.3962356323792	0	0.203954245247065	0.0000000000000000000000000000000000000000000000000000000690463181004638	0.000000000000000000000000000000000000000000000127357705353421	0.000000000000000000000000000000000000000000000268530897698372	0.000000000000000000000000000000000000000000000000000022655667851151	0.000000000000000000000000000000000000000000000000000000000000000000511433996255661	0.451504557339347	0.126019536836469	0.189440648074068
1	1133573	1138573	1134195	1137414	0	0	0.491646712044935	0.491646712044935	0.313454859392944	0.975124995217205	0.972347986023742	0.971773735567996	0.975412482585873	0.662801838431243	0.711269637000697	0.197595839124585	0.200134526140169
1	1133573	1143573	1134195	1143568	0	4	13.6514258842087	0	0.482729907152397	0.00000762401455678408	0.0000000186806112800753	0.000000000000000666133814775094	0.000000000000000000170120963072479	0.00543144534428253	0.451031333515998	0.559046382692345	0.438539722931111
1	1136073	1141073	1137414	1140855	0	3	0.115732855630292	0	0.710636493544312	0.791706622693889	0.748004585044287	0.606500861697742	0.803615307150221	0.975028170593166	0.895116945509784	0.368640729045377	0.452673261261253
1	1138573	1143573	1139498	1143568	0	4	13.4440724135915	0	0.520974420220132	0.00000227306773081803	0.00000000652260667699522	0.000000000000000444089209850063	0.0000000000000000000817598268486671	0.00284571353749663	0.290347007058925	0.709706995863371	0.562127021360014
1	1138573	1148573	1139498	1145962	0	4	13.8211742013657	0	0.518303906062048	0.000000565854086920226	0.00000000349038109526134	0.000000000000000280478224915827	0.00000000000000000000854142350089302	0.00377631860632643	0.218095697258862	0.779472203718116	0.560259413625463
1	1140573	1141573	1140855	1141491	0	4	21.2835226894116	0	0.776860139577719	0.0000000000519190246350831	0.0000000000000000000547037527946349	0.0000000000000000000000000750960590896042	0.0000000000000000000000000000000270273730237768	0.00000082193998118818	0.792265079407719	0.806379238124919	0.716717230331798
1	1141073	1146073	1141491	1145962	0	4	16.4192889582185	0	0.603448182456707	0.0000000053713216097151	0.0000000000178382864035598	0.000000000000000000060342916171611	0.000000000000000000000000204546568665514	0.000332674870875516	0.327798675426992	0.810899418436919	0.541509977299714
1	1142573	1143573	1143190	1143568	0	4	4.92820672516255	0	0.505226462939943	0.0235989176520641	0.833601927724168	0.0000306129947618139	0.00000596045433365333	0.615075664641891	0.366055338014614	0.597574771239843	0.556774360268344
1	1143573	1148573	1145031	1145962	0	1	1.42873064945428	0	0.560542916494308	0.0208871035288276	0.194128537325539	0.867716725406491	0.0475452407482344	0.914075186370628	0.464667794669963	0.650023166575542	0.556511688207447
1	1143573	1153573	1145031	1149480	0	1	0.269742716997331	0	0.165714681266901	0.123888264374326	0.263881564984232	0.230554119059147	0.19386561376225	0.892053692844182	0.431494856497456	0.0914763025378891	0.175138827854988
1	1145073	1146073	1145918	1145962	0	1	1.53319255283816	0	0.390903870796609	0.0114518965995286	0.135291746723728	0.799131347130675	0.0279195177642706	0.93897932288559	0.288619772063388	0.479098490979873	0.43044875927626
1	1148573	1158573	1149480	1157782	0	3	1.07840958743826	0	0.0742568561347368	0.602283126469515	0.644725735932313	0.0538226924279784	0.667453893178479	0.864424336779668	0.0531147305645329	0.0980298567406661	0.0875224755076607
1	1153573	1163573	1157782	1162975	0	0	0.247729107375578	0.247729107375578	0.548693401070313	0.895940149483246	0.976285775219784	0.970641474900752	0.969932285092787	0.972951909731118	0.380865925722034	0.636618536132977	0.620479018098104
1	1156073	1161073	1157782	1160608	0	0	0.11179892702409	0.11179892702409	0.74992542390634	0.969293744937343	0.97056675178589	0.970146972923412	0.968904404009651	0.970101116203527	0.693953176793171	0.760625714467946	0.782915630784722
1	1158573	1163573	1160469	1162975	0	1	0.547633132794112	0	0.402039502946576	0.27537923838611	0.976106961738111	0.970224064521685	0.971771878806938	0.972769204120876	0.1730786107433	0.561601792698515	0.64876550192083
1	1159573	1160573	1160469	1160502	0	3	0.00473357739454317	0	0.974032976569396	0.975643613923659	0.969048089286663	0.963474185595946	0.98248100566599	0.966536712999577	0.821819456321749	1	0.905715445567243
1	1160073	1161073	1160469	1160608	0	0	0.145659430397981	0.145659430397981	0.69290769650281	0.966727114582404	0.969024629809246	0.96927576713156	0.972093451848217	0.968692925204442	0.396805228344487	0.707456747120751	0.826752564314159
1	1163573	1173573	1169878	1170794	0	0	0.930948578158492	0.930948578158492	0.0548492898918896	0.77925552755772	0.216334001050363	0.406557779206984	0.46786395475249	0.491266052158147	0.0468256023115261	0.0517623008926249	0.0712352081693044
1	1168573	1178573	1169878	1177821	0	0	1.76726756255714	1.76726756255714	0.0106361580785239	0.909689960159575	0.297556639794362	0.727650125306149	0.560675886843874	0.622375296110869	0.335111399668152	0.0114113455757285	0.00519254425963933
1	1171073	1176073	1174114	1174410	0	2	1.01807673269035	0	0.3820703347151	0.973731496084281	0.0647135723586085	0.971935917604691	0.151219271152891	0.674640031142262	0.282279882044702	0.487620244833774	0.404000643392545
1	1173573	1178573	1174114	1177821	0	0	1.93489576677961	1.93489576677961	0.00839049278299287	0.972257484738	0.139587360397218	0.972479786412651	0.331153046887777	0.722242823077919	0.443273333908859	0.0221097297456407	0.0032076655108928
1	1183573	1193573	1186678	1190685	0	5	0.481821635601048	0	0.462895259193694	0.433076253707621	0.646271091948974	0.76677592462343	0.863514075310916	0.213104732580273	0.19551010056271	0.726404404801855	0.564356808779245
1	1188573	1193573	1189924	1190685	0	5	0.565963219212763	0	0.550896381562326	0.464812429924208	0.417041455480208	0.673805848096451	0.659790931973607	0.149660330723984	0.309550388697446	0.712411416090731	0.614924699641738
1	1189573	1190573	1189924	1190166	0	5	0.834767130683941	0	0.540431441449195	0.294142369654262	0.334695483989785	0.425898589899592	0.711818491413571	0.0623073199961944	0.392833095710357	0.58001746148664	0.641492762518259
1	1190073	1191073	1190166	1190685	0	2	0.294784173799083	0	0.453015622597883	0.921819457216013	0.425836013628832	0.97265169616811	0.839511329421667	0.692128917547567	0.320251277771486	0.589623350236172	0.467709445489561
1	1218573	1228573	1222657	1226797	0	0	1.15312228653554	1.15312228653554	0.0456291035176086	0.30721095474246	0.974120099029674	0.649178641480331	0.974194117115955	0.63763664449515	0.038820734539252	0.103808662771348	0.0328042901024173
1	1223573	1233573	1226797	1232474	0	4	1.22094569769161	0	0.0396033722241731	0.463853612703266	0.556094754166566	0.782589946938442	0.027889147920132	0.214157537056871	0.0322111897957789	0.0618635234802579	0.0349951023457362
1	1228573	1233573	1232004	1232474	0	4	1.42452539111155	0	0.0313672220300434	0.815594393641867	0.383865825893239	0.861590428337259	0.0144428885222627	0.11948846998836	0.0444146726079318	0.0322275083931807	0.0237430836345608
1	1228573	1238573	1232004	1237630	0	4	1.27961768086936	0	0.0552918225073292	0.602519840439343	0.96864106119438	0.948662875790322	0.031648539377368	0.0652118677558018	0.0436706120924726	0.0935937377000231	0.0482159818827524
1	1233573	1238573	1237232	1237630	0	5	0.864259630603843	0	0.588984664306814	0.319577514715943	0.642038372466878	0.856772327084195	0.289406565554587	0.0805089859237815	0.430681212300632	0.715416944709713	0.586662151151766
1	1238573	1248573	1244368	1246390	0	0	1.25395253714401	1.25395253714401	0.0541867454107221	0.972928132459133	0.96862207032963	0.980024695193955	0.972401464268922	0.970240405725982	0.171830922899364	0.0281463886040445	0.0695467430024819
1	1241073	1246073	1244368	1244386	0	0	1.49478442644279	1.49478442644279	0.0310548760668152	0.969871300338816	0.970318310485358	0.979834121057933	0.985249902735908	0.966259422923047	0.0177964439752291	0.0404507970080872	0.0633518707980982
1	1243573	1253573	1244368	1253261	0	0	1.14553671434798	1.14553671434798	0.0694781418414656	0.958636753127847	0.968188952274101	0.97731680026801	0.97227938928737	0.971370498300087	0.334433590225208	0.0332281574761613	0.0908532750920622
1	1253573	1263573	1260196	1263085	0	0	1.41279912058387	1.41279912058387	0.031788190390733	0.466983357331201	0.973765906759837	0.137549157504862	0.822365582622883	0.971528020986052	0.0231152511660109	0.032065529530466	0.0501006024764097
1	1258573	1268573	1260196	1264791	0	3	0.531011824026068	0	0.118895911073094	0.877169805702837	0.588918518268895	0.0893323221588356	0.303403402939145	0.171771069678681	0.0448469355775446	0.0451024244786276	0.950710476851165
1	1261073	1266073	1263085	1264791	0	3	0.936757362028094	0	0.944992685637332	0.510869372984183	0.186526401961719	0.0215765970409294	0.182066784299275	0.0503924488173397	0.591040599043946	0.756548583749292	0.979944951932637
1	1263573	1273573	1264791	1269004	0	3	1.52873740578775	0	0.947877739070425	0.944697209412582	0.294062595588882	0.00870366928091704	0.174677434711333	0.0241304799791449	0.665728227300727	0.836174602967173	0.979899891519607
1	1268573	1278573	1269004	1275280	0	0	0.265938255262451	0.265938255262451	0.318601987061018	0.587742012010092	0.927702790508975	0.616847649997899	0.348434626276277	0.436199262622675	0.206757642871049	0.443482453283744	0.371736306855367
1	1273573	1283573	1275280	1279970	0	4	0.303873477637472	0	0.471101735185598	0.983127062579301	0.954101294451883	0.692283007677013	0.343882594093651	0.506284240741428	0.77053919082366	0.315687340146729	0.293649277743207
1	1278573	1288573	1279970	1288528	0	1	1.59990765244696	0	0.42551824316144	0.0223600291781763	0.840210487079382	0.913030036628465	0.889979531284432	0.966317844553904	0.210404987296115	0.53810847005027	0.634715527083201
1	1283573	1288573	1287553	1288528	0	1	1.99971974938512	0	0.650692757602227	0.00651112785724295	0.633386720345108	0.975751091433008	0.64596795897634	0.903285632482987	0.462675602903591	0.660709231327151	0.765426522020462
1	1283573	1293573	1287553	1292438	0	1	1.19932953157227	0	0.784929826310013	0.0561406400295399	0.907644655221928	0.95210162969673	0.821240757662011	0.88839660670204	0.888523117117876	0.661890083084442	0.633995384112934
1	1286073	1291073	1287553	1290917	0	1	1.50928168311114	0	0.948702246794847	0.0265149182383961	0.856127741462792	0.978229980166377	0.856587978958801	0.817394399586713	0.982360922964042	0.53714741658307	0.595543575241655
1	1288573	1293573	1290917	1292438	0	0	0.281448035076699	0.281448035076699	0.459323681531143	0.922858257416738	0.901667774993007	0.878146292638801	0.770019067644603	0.675067641187175	0.518253643782279	0.426116454818884	0.435179516102462
1	1343573	1353573	1349739	1352854	0	5	0.810217206285905	0	0.276812228947697	0.516114722273116	0.594628549009777	0.681664863821572	0.869289075353012	0.0920510083449998	0.678538995158608	0.195943453584928	0.165475575952666
1	1348573	1358573	1349739	1353842	0	4	0.927217980002775	0	0.256017093054357	0.741482681657816	0.934103476069032	0.718829600417965	0.0849978562578653	0.209830073537288	0.367693773082438	0.244918030341384	0.195845554242099
1	1351073	1356073	1352854	1353842	0	4	1.00166260724293	0	0.162808852491092	0.475440727031785	0.764968191926357	0.445901111437334	0.0473624079388575	0.488202345221389	0.143332983392739	0.200972346678026	0.153627061017948
1	1353573	1363573	1353842	1360638	0	4	1.23979764490241	0	0.342671428057711	0.975347506210722	0.50984328935492	0.66697667186986	0.0383983885978187	0.708293874028583	0.228421546820711	0.453022340214243	0.400760399105056
1	1358573	1368573	1360638	1368408	0	3	1.19498608901086	0	0.602517367021019	0.813687592148203	0.304252950732181	0.0384577153449546	0.732589685198149	0.140702176566601	0.769702970378591	0.561443752653402	0.399529887257213
1	1363573	1368573	1368060	1368408	0	3	1.9445351237415	0	0.687987648246974	0.814950246101078	0.214468439343498	0.00781709729625679	0.701443776229616	0.0720499105073931	0.891867895001425	0.414370818023139	0.341726804533729
